/*--------------------------------*- C++ -*----------------------------------*\
| =========                 |                                                 |
| \\      /  F ield         | OpenFOAM: The Open Source CFD Toolbox           |
|  \\    /   O peration     | Version:  2312                                  |
|   \\  /    A nd           | Website:  www.openfoam.com                      |
|    \\/     M anipulation  |                                                 |
\*---------------------------------------------------------------------------*/
FoamFile
{
    version     2.0;
    format      ascii;
    arch        "LSB;label=32;scalar=64";
    class       faceList;
    location    "constant/polyMesh";
    object      faces;
}
// * * * * * * * * * * * * * * * * * * * * * * * * * * * * * * * * * * * * * //


2525
(
4(1 17 113 97)
4(16 112 113 17)
4(96 97 113 112)
4(2 18 114 98)
4(17 113 114 18)
4(97 98 114 113)
4(3 19 115 99)
4(18 114 115 19)
4(98 99 115 114)
4(4 20 116 100)
4(19 115 116 20)
4(99 100 116 115)
4(5 21 117 101)
4(20 116 117 21)
4(100 101 117 116)
4(6 22 118 102)
4(21 117 118 22)
4(101 102 118 117)
4(7 23 119 103)
4(22 118 119 23)
4(102 103 119 118)
4(8 24 120 104)
4(23 119 120 24)
4(103 104 120 119)
4(9 25 121 105)
4(24 120 121 25)
4(104 105 121 120)
4(10 26 122 106)
4(25 121 122 26)
4(105 106 122 121)
4(11 27 123 107)
4(26 122 123 27)
4(106 107 123 122)
4(12 28 124 108)
4(27 123 124 28)
4(107 108 124 123)
4(13 29 125 109)
4(28 124 125 29)
4(108 109 125 124)
4(14 30 126 110)
4(29 125 126 30)
4(109 110 126 125)
4(30 126 127 31)
4(110 111 127 126)
4(17 33 129 113)
4(32 128 129 33)
4(112 113 129 128)
4(18 34 130 114)
4(33 129 130 34)
4(113 114 130 129)
4(19 35 131 115)
4(34 130 131 35)
4(114 115 131 130)
4(20 36 132 116)
4(35 131 132 36)
4(115 116 132 131)
4(21 37 133 117)
4(36 132 133 37)
4(116 117 133 132)
4(22 38 134 118)
4(37 133 134 38)
4(117 118 134 133)
4(23 39 135 119)
4(38 134 135 39)
4(118 119 135 134)
4(24 40 136 120)
4(39 135 136 40)
4(119 120 136 135)
4(25 41 137 121)
4(40 136 137 41)
4(120 121 137 136)
4(26 42 138 122)
4(41 137 138 42)
4(121 122 138 137)
4(27 43 139 123)
4(42 138 139 43)
4(122 123 139 138)
4(28 44 140 124)
4(43 139 140 44)
4(123 124 140 139)
4(29 45 141 125)
4(44 140 141 45)
4(124 125 141 140)
4(30 46 142 126)
4(45 141 142 46)
4(125 126 142 141)
4(46 142 143 47)
4(126 127 143 142)
4(33 49 145 129)
4(48 144 145 49)
4(128 129 145 144)
4(34 50 146 130)
4(49 145 146 50)
4(129 130 146 145)
4(35 51 147 131)
4(50 146 147 51)
4(130 131 147 146)
4(36 52 148 132)
4(51 147 148 52)
4(131 132 148 147)
4(37 53 149 133)
4(52 148 149 53)
4(132 133 149 148)
4(38 54 150 134)
4(53 149 150 54)
4(133 134 150 149)
4(39 55 151 135)
4(54 150 151 55)
4(134 135 151 150)
4(40 56 152 136)
4(55 151 152 56)
4(135 136 152 151)
4(41 57 153 137)
4(56 152 153 57)
4(136 137 153 152)
4(42 58 154 138)
4(57 153 154 58)
4(137 138 154 153)
4(43 59 155 139)
4(58 154 155 59)
4(138 139 155 154)
4(44 60 156 140)
4(59 155 156 60)
4(139 140 156 155)
4(45 61 157 141)
4(60 156 157 61)
4(140 141 157 156)
4(46 62 158 142)
4(61 157 158 62)
4(141 142 158 157)
4(62 158 159 63)
4(142 143 159 158)
4(49 65 161 145)
4(64 160 161 65)
4(144 145 161 160)
4(50 66 162 146)
4(65 161 162 66)
4(145 146 162 161)
4(51 67 163 147)
4(66 162 163 67)
4(146 147 163 162)
4(52 68 164 148)
4(67 163 164 68)
4(147 148 164 163)
4(53 69 165 149)
4(68 164 165 69)
4(148 149 165 164)
4(54 70 166 150)
4(69 165 166 70)
4(149 150 166 165)
4(55 71 167 151)
4(70 166 167 71)
4(150 151 167 166)
4(56 72 168 152)
4(71 167 168 72)
4(151 152 168 167)
4(57 73 169 153)
4(72 168 169 73)
4(152 153 169 168)
4(58 74 170 154)
4(73 169 170 74)
4(153 154 170 169)
4(59 75 171 155)
4(74 170 171 75)
4(154 155 171 170)
4(60 76 172 156)
4(75 171 172 76)
4(155 156 172 171)
4(61 77 173 157)
4(76 172 173 77)
4(156 157 173 172)
4(62 78 174 158)
4(77 173 174 78)
4(157 158 174 173)
4(78 174 175 79)
4(158 159 175 174)
4(65 81 177 161)
4(160 161 177 176)
4(66 82 178 162)
4(161 162 178 177)
4(67 83 179 163)
4(162 163 179 178)
4(68 84 180 164)
4(163 164 180 179)
4(69 85 181 165)
4(164 165 181 180)
4(70 86 182 166)
4(165 166 182 181)
4(71 87 183 167)
4(166 167 183 182)
4(72 88 184 168)
4(167 168 184 183)
4(73 89 185 169)
4(168 169 185 184)
4(74 90 186 170)
4(169 170 186 185)
4(75 91 187 171)
4(170 171 187 186)
4(76 92 188 172)
4(171 172 188 187)
4(77 93 189 173)
4(172 173 189 188)
4(78 94 190 174)
4(173 174 190 189)
4(174 175 191 190)
4(97 113 209 193)
4(112 208 209 113)
4(192 193 209 208)
4(98 114 210 194)
4(113 209 210 114)
4(193 194 210 209)
4(99 115 211 195)
4(114 210 211 115)
4(194 195 211 210)
4(100 116 212 196)
4(115 211 212 116)
4(195 196 212 211)
4(101 117 213 197)
4(116 212 213 117)
4(196 197 213 212)
4(102 118 214 198)
4(117 213 214 118)
4(197 198 214 213)
4(103 119 215 199)
4(118 214 215 119)
4(198 199 215 214)
4(104 120 216 200)
4(119 215 216 120)
4(199 200 216 215)
4(105 121 217 201)
4(120 216 217 121)
4(200 201 217 216)
4(106 122 218 202)
4(121 217 218 122)
4(201 202 218 217)
4(107 123 219 203)
4(122 218 219 123)
4(202 203 219 218)
4(108 124 220 204)
4(123 219 220 124)
4(203 204 220 219)
4(109 125 221 205)
4(124 220 221 125)
4(204 205 221 220)
4(110 126 222 206)
4(125 221 222 126)
4(205 206 222 221)
4(126 222 223 127)
4(206 207 223 222)
4(113 129 225 209)
4(128 224 225 129)
4(208 209 225 224)
4(114 130 226 210)
4(129 225 226 130)
4(209 210 226 225)
4(115 131 227 211)
4(130 226 227 131)
4(210 211 227 226)
4(116 132 228 212)
4(131 227 228 132)
4(211 212 228 227)
4(117 133 229 213)
4(132 228 229 133)
4(212 213 229 228)
4(118 134 230 214)
4(133 229 230 134)
4(213 214 230 229)
4(119 135 231 215)
4(134 230 231 135)
4(214 215 231 230)
4(120 136 232 216)
4(135 231 232 136)
4(215 216 232 231)
4(121 137 233 217)
4(136 232 233 137)
4(216 217 233 232)
4(122 138 234 218)
4(137 233 234 138)
4(217 218 234 233)
4(123 139 235 219)
4(138 234 235 139)
4(218 219 235 234)
4(124 140 236 220)
4(139 235 236 140)
4(219 220 236 235)
4(125 141 237 221)
4(140 236 237 141)
4(220 221 237 236)
4(126 142 238 222)
4(141 237 238 142)
4(221 222 238 237)
4(142 238 239 143)
4(222 223 239 238)
4(129 145 241 225)
4(144 240 241 145)
4(224 225 241 240)
4(130 146 242 226)
4(145 241 242 146)
4(225 226 242 241)
4(131 147 243 227)
4(146 242 243 147)
4(226 227 243 242)
4(132 148 244 228)
4(147 243 244 148)
4(227 228 244 243)
4(133 149 245 229)
4(148 244 245 149)
4(228 229 245 244)
4(134 150 246 230)
4(149 245 246 150)
4(229 230 246 245)
4(135 151 247 231)
4(150 246 247 151)
4(230 231 247 246)
4(136 152 248 232)
4(151 247 248 152)
4(231 232 248 247)
4(137 153 249 233)
4(152 248 249 153)
4(232 233 249 248)
4(138 154 250 234)
4(153 249 250 154)
4(233 234 250 249)
4(139 155 251 235)
4(154 250 251 155)
4(234 235 251 250)
4(140 156 252 236)
4(155 251 252 156)
4(235 236 252 251)
4(141 157 253 237)
4(156 252 253 157)
4(236 237 253 252)
4(142 158 254 238)
4(157 253 254 158)
4(237 238 254 253)
4(158 254 255 159)
4(238 239 255 254)
4(145 161 257 241)
4(160 256 257 161)
4(240 241 257 256)
4(146 162 258 242)
4(161 257 258 162)
4(241 242 258 257)
4(147 163 259 243)
4(162 258 259 163)
4(242 243 259 258)
4(148 164 260 244)
4(163 259 260 164)
4(243 244 260 259)
4(149 165 261 245)
4(164 260 261 165)
4(244 245 261 260)
4(150 166 262 246)
4(165 261 262 166)
4(245 246 262 261)
4(151 167 263 247)
4(166 262 263 167)
4(246 247 263 262)
4(152 168 264 248)
4(167 263 264 168)
4(247 248 264 263)
4(153 169 265 249)
4(168 264 265 169)
4(248 249 265 264)
4(154 170 266 250)
4(169 265 266 170)
4(249 250 266 265)
4(155 171 267 251)
4(170 266 267 171)
4(250 251 267 266)
4(156 172 268 252)
4(171 267 268 172)
4(251 252 268 267)
4(157 173 269 253)
4(172 268 269 173)
4(252 253 269 268)
4(158 174 270 254)
4(173 269 270 174)
4(253 254 270 269)
4(174 270 271 175)
4(254 255 271 270)
4(161 177 273 257)
4(256 257 273 272)
4(162 178 274 258)
4(257 258 274 273)
4(163 179 275 259)
4(258 259 275 274)
4(164 180 276 260)
4(259 260 276 275)
4(165 181 277 261)
4(260 261 277 276)
4(166 182 278 262)
4(261 262 278 277)
4(167 183 279 263)
4(262 263 279 278)
4(168 184 280 264)
4(263 264 280 279)
4(169 185 281 265)
4(264 265 281 280)
4(170 186 282 266)
4(265 266 282 281)
4(171 187 283 267)
4(266 267 283 282)
4(172 188 284 268)
4(267 268 284 283)
4(173 189 285 269)
4(268 269 285 284)
4(174 190 286 270)
4(269 270 286 285)
4(270 271 287 286)
4(193 209 305 289)
4(208 304 305 209)
4(288 289 305 304)
4(194 210 306 290)
4(209 305 306 210)
4(289 290 306 305)
4(195 211 307 291)
4(210 306 307 211)
4(290 291 307 306)
4(196 212 308 292)
4(211 307 308 212)
4(291 292 308 307)
4(197 213 309 293)
4(212 308 309 213)
4(292 293 309 308)
4(198 214 310 294)
4(213 309 310 214)
4(293 294 310 309)
4(199 215 311 295)
4(214 310 311 215)
4(294 295 311 310)
4(200 216 312 296)
4(215 311 312 216)
4(295 296 312 311)
4(201 217 313 297)
4(216 312 313 217)
4(296 297 313 312)
4(202 218 314 298)
4(217 313 314 218)
4(297 298 314 313)
4(203 219 315 299)
4(218 314 315 219)
4(298 299 315 314)
4(204 220 316 300)
4(219 315 316 220)
4(299 300 316 315)
4(205 221 317 301)
4(220 316 317 221)
4(300 301 317 316)
4(206 222 318 302)
4(221 317 318 222)
4(301 302 318 317)
4(222 318 319 223)
4(302 303 319 318)
4(209 225 321 305)
4(224 320 321 225)
4(304 305 321 320)
4(210 226 322 306)
4(225 321 322 226)
4(305 306 322 321)
4(211 227 323 307)
4(226 322 323 227)
4(306 307 323 322)
4(212 228 324 308)
4(227 323 324 228)
4(307 308 324 323)
4(213 229 325 309)
4(228 324 325 229)
4(308 309 325 324)
4(214 230 326 310)
4(229 325 326 230)
4(309 310 326 325)
4(215 231 327 311)
4(230 326 327 231)
4(310 311 327 326)
4(216 232 328 312)
4(231 327 328 232)
4(311 312 328 327)
4(217 233 329 313)
4(232 328 329 233)
4(312 313 329 328)
4(218 234 330 314)
4(233 329 330 234)
4(313 314 330 329)
4(219 235 331 315)
4(234 330 331 235)
4(314 315 331 330)
4(220 236 332 316)
4(235 331 332 236)
4(315 316 332 331)
4(221 237 333 317)
4(236 332 333 237)
4(316 317 333 332)
4(222 238 334 318)
4(237 333 334 238)
4(317 318 334 333)
4(238 334 335 239)
4(318 319 335 334)
4(225 241 337 321)
4(240 336 337 241)
4(320 321 337 336)
4(226 242 338 322)
4(241 337 338 242)
4(321 322 338 337)
4(227 243 339 323)
4(242 338 339 243)
4(322 323 339 338)
4(228 244 340 324)
4(243 339 340 244)
4(323 324 340 339)
4(229 245 341 325)
4(244 340 341 245)
4(324 325 341 340)
4(230 246 342 326)
4(245 341 342 246)
4(325 326 342 341)
4(231 247 343 327)
4(246 342 343 247)
4(326 327 343 342)
4(232 248 344 328)
4(247 343 344 248)
4(327 328 344 343)
4(233 249 345 329)
4(248 344 345 249)
4(328 329 345 344)
4(234 250 346 330)
4(249 345 346 250)
4(329 330 346 345)
4(235 251 347 331)
4(250 346 347 251)
4(330 331 347 346)
4(236 252 348 332)
4(251 347 348 252)
4(331 332 348 347)
4(237 253 349 333)
4(252 348 349 253)
4(332 333 349 348)
4(238 254 350 334)
4(253 349 350 254)
4(333 334 350 349)
4(254 350 351 255)
4(334 335 351 350)
4(241 257 353 337)
4(256 352 353 257)
4(336 337 353 352)
4(242 258 354 338)
4(257 353 354 258)
4(337 338 354 353)
4(243 259 355 339)
4(258 354 355 259)
4(338 339 355 354)
4(244 260 356 340)
4(259 355 356 260)
4(339 340 356 355)
4(245 261 357 341)
4(260 356 357 261)
4(340 341 357 356)
4(246 262 358 342)
4(261 357 358 262)
4(341 342 358 357)
4(247 263 359 343)
4(262 358 359 263)
4(342 343 359 358)
4(248 264 360 344)
4(263 359 360 264)
4(343 344 360 359)
4(249 265 361 345)
4(264 360 361 265)
4(344 345 361 360)
4(250 266 362 346)
4(265 361 362 266)
4(345 346 362 361)
4(251 267 363 347)
4(266 362 363 267)
4(346 347 363 362)
4(252 268 364 348)
4(267 363 364 268)
4(347 348 364 363)
4(253 269 365 349)
4(268 364 365 269)
4(348 349 365 364)
4(254 270 366 350)
4(269 365 366 270)
4(349 350 366 365)
4(270 366 367 271)
4(350 351 367 366)
4(257 273 369 353)
4(352 353 369 368)
4(258 274 370 354)
4(353 354 370 369)
4(259 275 371 355)
4(354 355 371 370)
4(260 276 372 356)
4(355 356 372 371)
4(261 277 373 357)
4(356 357 373 372)
4(262 278 374 358)
4(357 358 374 373)
4(263 279 375 359)
4(358 359 375 374)
4(264 280 376 360)
4(359 360 376 375)
4(265 281 377 361)
4(360 361 377 376)
4(266 282 378 362)
4(361 362 378 377)
4(267 283 379 363)
4(362 363 379 378)
4(268 284 380 364)
4(363 364 380 379)
4(269 285 381 365)
4(364 365 381 380)
4(270 286 382 366)
4(365 366 382 381)
4(366 367 383 382)
4(289 305 401 385)
4(304 400 401 305)
4(384 385 401 400)
4(290 306 402 386)
4(305 401 402 306)
4(385 386 402 401)
4(291 307 403 387)
4(306 402 403 307)
4(386 387 403 402)
4(292 308 404 388)
4(307 403 404 308)
4(387 388 404 403)
4(293 309 405 389)
4(308 404 405 309)
4(388 389 405 404)
4(294 310 406 390)
4(309 405 406 310)
4(389 390 406 405)
4(295 311 407 391)
4(310 406 407 311)
4(390 391 407 406)
4(296 312 408 392)
4(311 407 408 312)
4(391 392 408 407)
4(297 313 409 393)
4(312 408 409 313)
4(392 393 409 408)
4(298 314 410 394)
4(313 409 410 314)
4(393 394 410 409)
4(299 315 411 395)
4(314 410 411 315)
4(394 395 411 410)
4(300 316 412 396)
4(315 411 412 316)
4(395 396 412 411)
4(301 317 413 397)
4(316 412 413 317)
4(396 397 413 412)
4(302 318 414 398)
4(317 413 414 318)
4(397 398 414 413)
4(318 414 415 319)
4(398 399 415 414)
4(305 321 417 401)
4(320 416 417 321)
4(400 401 417 416)
4(306 322 418 402)
4(321 417 418 322)
4(401 402 418 417)
4(307 323 419 403)
4(322 418 419 323)
4(402 403 419 418)
4(308 324 420 404)
4(323 419 420 324)
4(403 404 420 419)
4(309 325 421 405)
4(324 420 421 325)
4(404 405 421 420)
4(310 326 422 406)
4(325 421 422 326)
4(405 406 422 421)
4(311 327 423 407)
4(326 422 423 327)
4(406 407 423 422)
4(312 328 424 408)
4(327 423 424 328)
4(407 408 424 423)
4(313 329 425 409)
4(328 424 425 329)
4(408 409 425 424)
4(314 330 426 410)
4(329 425 426 330)
4(409 410 426 425)
4(315 331 427 411)
4(330 426 427 331)
4(410 411 427 426)
4(316 332 428 412)
4(331 427 428 332)
4(411 412 428 427)
4(317 333 429 413)
4(332 428 429 333)
4(412 413 429 428)
4(318 334 430 414)
4(333 429 430 334)
4(413 414 430 429)
4(334 430 431 335)
4(414 415 431 430)
4(321 337 433 417)
4(336 432 433 337)
4(416 417 433 432)
4(322 338 434 418)
4(337 433 434 338)
4(417 418 434 433)
4(323 339 435 419)
4(338 434 435 339)
4(418 419 435 434)
4(324 340 436 420)
4(339 435 436 340)
4(419 420 436 435)
4(325 341 437 421)
4(340 436 437 341)
4(420 421 437 436)
4(326 342 438 422)
4(341 437 438 342)
4(421 422 438 437)
4(327 343 439 423)
4(342 438 439 343)
4(422 423 439 438)
4(328 344 440 424)
4(343 439 440 344)
4(423 424 440 439)
4(329 345 441 425)
4(344 440 441 345)
4(424 425 441 440)
4(330 346 442 426)
4(345 441 442 346)
4(425 426 442 441)
4(331 347 443 427)
4(346 442 443 347)
4(426 427 443 442)
4(332 348 444 428)
4(347 443 444 348)
4(427 428 444 443)
4(333 349 445 429)
4(348 444 445 349)
4(428 429 445 444)
4(334 350 446 430)
4(349 445 446 350)
4(429 430 446 445)
4(350 446 447 351)
4(430 431 447 446)
4(337 353 449 433)
4(352 448 449 353)
4(432 433 449 448)
4(338 354 450 434)
4(353 449 450 354)
4(433 434 450 449)
4(339 355 451 435)
4(354 450 451 355)
4(434 435 451 450)
4(340 356 452 436)
4(355 451 452 356)
4(435 436 452 451)
4(341 357 453 437)
4(356 452 453 357)
4(436 437 453 452)
4(342 358 454 438)
4(357 453 454 358)
4(437 438 454 453)
4(343 359 455 439)
4(358 454 455 359)
4(438 439 455 454)
4(344 360 456 440)
4(359 455 456 360)
4(439 440 456 455)
4(345 361 457 441)
4(360 456 457 361)
4(440 441 457 456)
4(346 362 458 442)
4(361 457 458 362)
4(441 442 458 457)
4(347 363 459 443)
4(362 458 459 363)
4(442 443 459 458)
4(348 364 460 444)
4(363 459 460 364)
4(443 444 460 459)
4(349 365 461 445)
4(364 460 461 365)
4(444 445 461 460)
4(350 366 462 446)
4(365 461 462 366)
4(445 446 462 461)
4(366 462 463 367)
4(446 447 463 462)
4(353 369 465 449)
4(448 449 465 464)
4(354 370 466 450)
4(449 450 466 465)
4(355 371 467 451)
4(450 451 467 466)
4(356 372 468 452)
4(451 452 468 467)
4(357 373 469 453)
4(452 453 469 468)
4(358 374 470 454)
4(453 454 470 469)
4(359 375 471 455)
4(454 455 471 470)
4(360 376 472 456)
4(455 456 472 471)
4(361 377 473 457)
4(456 457 473 472)
4(362 378 474 458)
4(457 458 474 473)
4(363 379 475 459)
4(458 459 475 474)
4(364 380 476 460)
4(459 460 476 475)
4(365 381 477 461)
4(460 461 477 476)
4(366 382 478 462)
4(461 462 478 477)
4(462 463 479 478)
4(385 401 497 481)
4(400 496 497 401)
4(480 481 497 496)
4(386 402 498 482)
4(401 497 498 402)
4(481 482 498 497)
4(387 403 499 483)
4(402 498 499 403)
4(482 483 499 498)
4(388 404 500 484)
4(403 499 500 404)
4(483 484 500 499)
4(389 405 501 485)
4(404 500 501 405)
4(484 485 501 500)
4(390 406 502 486)
4(405 501 502 406)
4(485 486 502 501)
4(391 407 503 487)
4(406 502 503 407)
4(486 487 503 502)
4(392 408 504 488)
4(407 503 504 408)
4(487 488 504 503)
4(393 409 505 489)
4(408 504 505 409)
4(488 489 505 504)
4(394 410 506 490)
4(409 505 506 410)
4(489 490 506 505)
4(395 411 507 491)
4(410 506 507 411)
4(490 491 507 506)
4(396 412 508 492)
4(411 507 508 412)
4(491 492 508 507)
4(397 413 509 493)
4(412 508 509 413)
4(492 493 509 508)
4(398 414 510 494)
4(413 509 510 414)
4(493 494 510 509)
4(414 510 511 415)
4(494 495 511 510)
4(401 417 513 497)
4(416 512 513 417)
4(496 497 513 512)
4(402 418 514 498)
4(417 513 514 418)
4(497 498 514 513)
4(403 419 515 499)
4(418 514 515 419)
4(498 499 515 514)
4(404 420 516 500)
4(419 515 516 420)
4(499 500 516 515)
4(405 421 517 501)
4(420 516 517 421)
4(500 501 517 516)
4(406 422 518 502)
4(421 517 518 422)
4(501 502 518 517)
4(407 423 519 503)
4(422 518 519 423)
4(502 503 519 518)
4(408 424 520 504)
4(423 519 520 424)
4(503 504 520 519)
4(409 425 521 505)
4(424 520 521 425)
4(504 505 521 520)
4(410 426 522 506)
4(425 521 522 426)
4(505 506 522 521)
4(411 427 523 507)
4(426 522 523 427)
4(506 507 523 522)
4(412 428 524 508)
4(427 523 524 428)
4(507 508 524 523)
4(413 429 525 509)
4(428 524 525 429)
4(508 509 525 524)
4(414 430 526 510)
4(429 525 526 430)
4(509 510 526 525)
4(430 526 527 431)
4(510 511 527 526)
4(417 433 529 513)
4(432 528 529 433)
4(512 513 529 528)
4(418 434 530 514)
4(433 529 530 434)
4(513 514 530 529)
4(419 435 531 515)
4(434 530 531 435)
4(514 515 531 530)
4(420 436 532 516)
4(435 531 532 436)
4(515 516 532 531)
4(421 437 533 517)
4(436 532 533 437)
4(516 517 533 532)
4(422 438 534 518)
4(437 533 534 438)
4(517 518 534 533)
4(423 439 535 519)
4(438 534 535 439)
4(518 519 535 534)
4(424 440 536 520)
4(439 535 536 440)
4(519 520 536 535)
4(425 441 537 521)
4(440 536 537 441)
4(520 521 537 536)
4(426 442 538 522)
4(441 537 538 442)
4(521 522 538 537)
4(427 443 539 523)
4(442 538 539 443)
4(522 523 539 538)
4(428 444 540 524)
4(443 539 540 444)
4(523 524 540 539)
4(429 445 541 525)
4(444 540 541 445)
4(524 525 541 540)
4(430 446 542 526)
4(445 541 542 446)
4(525 526 542 541)
4(446 542 543 447)
4(526 527 543 542)
4(433 449 545 529)
4(448 544 545 449)
4(528 529 545 544)
4(434 450 546 530)
4(449 545 546 450)
4(529 530 546 545)
4(435 451 547 531)
4(450 546 547 451)
4(530 531 547 546)
4(436 452 548 532)
4(451 547 548 452)
4(531 532 548 547)
4(437 453 549 533)
4(452 548 549 453)
4(532 533 549 548)
4(438 454 550 534)
4(453 549 550 454)
4(533 534 550 549)
4(439 455 551 535)
4(454 550 551 455)
4(534 535 551 550)
4(440 456 552 536)
4(455 551 552 456)
4(535 536 552 551)
4(441 457 553 537)
4(456 552 553 457)
4(536 537 553 552)
4(442 458 554 538)
4(457 553 554 458)
4(537 538 554 553)
4(443 459 555 539)
4(458 554 555 459)
4(538 539 555 554)
4(444 460 556 540)
4(459 555 556 460)
4(539 540 556 555)
4(445 461 557 541)
4(460 556 557 461)
4(540 541 557 556)
4(446 462 558 542)
4(461 557 558 462)
4(541 542 558 557)
4(462 558 559 463)
4(542 543 559 558)
4(449 465 561 545)
4(544 545 561 560)
4(450 466 562 546)
4(545 546 562 561)
4(451 467 563 547)
4(546 547 563 562)
4(452 468 564 548)
4(547 548 564 563)
4(453 469 565 549)
4(548 549 565 564)
4(454 470 566 550)
4(549 550 566 565)
4(455 471 567 551)
4(550 551 567 566)
4(456 472 568 552)
4(551 552 568 567)
4(457 473 569 553)
4(552 553 569 568)
4(458 474 570 554)
4(553 554 570 569)
4(459 475 571 555)
4(554 555 571 570)
4(460 476 572 556)
4(555 556 572 571)
4(461 477 573 557)
4(556 557 573 572)
4(462 478 574 558)
4(557 558 574 573)
4(558 559 575 574)
4(481 497 593 577)
4(496 592 593 497)
4(576 577 593 592)
4(482 498 594 578)
4(497 593 594 498)
4(577 578 594 593)
4(483 499 595 579)
4(498 594 595 499)
4(578 579 595 594)
4(484 500 596 580)
4(499 595 596 500)
4(579 580 596 595)
4(485 501 597 581)
4(500 596 597 501)
4(580 581 597 596)
4(486 502 598 582)
4(501 597 598 502)
4(581 582 598 597)
4(487 503 599 583)
4(502 598 599 503)
4(582 583 599 598)
4(488 504 600 584)
4(503 599 600 504)
4(583 584 600 599)
4(489 505 601 585)
4(504 600 601 505)
4(584 585 601 600)
4(490 506 602 586)
4(505 601 602 506)
4(585 586 602 601)
4(491 507 603 587)
4(506 602 603 507)
4(586 587 603 602)
4(492 508 604 588)
4(507 603 604 508)
4(587 588 604 603)
4(493 509 605 589)
4(508 604 605 509)
4(588 589 605 604)
4(494 510 606 590)
4(509 605 606 510)
4(589 590 606 605)
4(510 606 607 511)
4(590 591 607 606)
4(497 513 609 593)
4(512 608 609 513)
4(592 593 609 608)
4(498 514 610 594)
4(513 609 610 514)
4(593 594 610 609)
4(499 515 611 595)
4(514 610 611 515)
4(594 595 611 610)
4(500 516 612 596)
4(515 611 612 516)
4(595 596 612 611)
4(501 517 613 597)
4(516 612 613 517)
4(596 597 613 612)
4(502 518 614 598)
4(517 613 614 518)
4(597 598 614 613)
4(503 519 615 599)
4(518 614 615 519)
4(598 599 615 614)
4(504 520 616 600)
4(519 615 616 520)
4(599 600 616 615)
4(505 521 617 601)
4(520 616 617 521)
4(600 601 617 616)
4(506 522 618 602)
4(521 617 618 522)
4(601 602 618 617)
4(507 523 619 603)
4(522 618 619 523)
4(602 603 619 618)
4(508 524 620 604)
4(523 619 620 524)
4(603 604 620 619)
4(509 525 621 605)
4(524 620 621 525)
4(604 605 621 620)
4(510 526 622 606)
4(525 621 622 526)
4(605 606 622 621)
4(526 622 623 527)
4(606 607 623 622)
4(513 529 625 609)
4(528 624 625 529)
4(608 609 625 624)
4(514 530 626 610)
4(529 625 626 530)
4(609 610 626 625)
4(515 531 627 611)
4(530 626 627 531)
4(610 611 627 626)
4(516 532 628 612)
4(531 627 628 532)
4(611 612 628 627)
4(517 533 629 613)
4(532 628 629 533)
4(612 613 629 628)
4(518 534 630 614)
4(533 629 630 534)
4(613 614 630 629)
4(519 535 631 615)
4(534 630 631 535)
4(614 615 631 630)
4(520 536 632 616)
4(535 631 632 536)
4(615 616 632 631)
4(521 537 633 617)
4(536 632 633 537)
4(616 617 633 632)
4(522 538 634 618)
4(537 633 634 538)
4(617 618 634 633)
4(523 539 635 619)
4(538 634 635 539)
4(618 619 635 634)
4(524 540 636 620)
4(539 635 636 540)
4(619 620 636 635)
4(525 541 637 621)
4(540 636 637 541)
4(620 621 637 636)
4(526 542 638 622)
4(541 637 638 542)
4(621 622 638 637)
4(542 638 639 543)
4(622 623 639 638)
4(529 545 641 625)
4(544 640 641 545)
4(624 625 641 640)
4(530 546 642 626)
4(545 641 642 546)
4(625 626 642 641)
4(531 547 643 627)
4(546 642 643 547)
4(626 627 643 642)
4(532 548 644 628)
4(547 643 644 548)
4(627 628 644 643)
4(533 549 645 629)
4(548 644 645 549)
4(628 629 645 644)
4(534 550 646 630)
4(549 645 646 550)
4(629 630 646 645)
4(535 551 647 631)
4(550 646 647 551)
4(630 631 647 646)
4(536 552 648 632)
4(551 647 648 552)
4(631 632 648 647)
4(537 553 649 633)
4(552 648 649 553)
4(632 633 649 648)
4(538 554 650 634)
4(553 649 650 554)
4(633 634 650 649)
4(539 555 651 635)
4(554 650 651 555)
4(634 635 651 650)
4(540 556 652 636)
4(555 651 652 556)
4(635 636 652 651)
4(541 557 653 637)
4(556 652 653 557)
4(636 637 653 652)
4(542 558 654 638)
4(557 653 654 558)
4(637 638 654 653)
4(558 654 655 559)
4(638 639 655 654)
4(545 561 657 641)
4(640 641 657 656)
4(546 562 658 642)
4(641 642 658 657)
4(547 563 659 643)
4(642 643 659 658)
4(548 564 660 644)
4(643 644 660 659)
4(549 565 661 645)
4(644 645 661 660)
4(550 566 662 646)
4(645 646 662 661)
4(551 567 663 647)
4(646 647 663 662)
4(552 568 664 648)
4(647 648 664 663)
4(553 569 665 649)
4(648 649 665 664)
4(554 570 666 650)
4(649 650 666 665)
4(555 571 667 651)
4(650 651 667 666)
4(556 572 668 652)
4(651 652 668 667)
4(557 573 669 653)
4(652 653 669 668)
4(558 574 670 654)
4(653 654 670 669)
4(654 655 671 670)
4(577 593 689 673)
4(592 688 689 593)
4(672 673 689 688)
4(578 594 690 674)
4(593 689 690 594)
4(673 674 690 689)
4(579 595 691 675)
4(594 690 691 595)
4(674 675 691 690)
4(580 596 692 676)
4(595 691 692 596)
4(675 676 692 691)
4(581 597 693 677)
4(596 692 693 597)
4(676 677 693 692)
4(582 598 694 678)
4(597 693 694 598)
4(677 678 694 693)
4(583 599 695 679)
4(598 694 695 599)
4(678 679 695 694)
4(584 600 696 680)
4(599 695 696 600)
4(679 680 696 695)
4(585 601 697 681)
4(600 696 697 601)
4(680 681 697 696)
4(586 602 698 682)
4(601 697 698 602)
4(681 682 698 697)
4(587 603 699 683)
4(602 698 699 603)
4(682 683 699 698)
4(588 604 700 684)
4(603 699 700 604)
4(683 684 700 699)
4(589 605 701 685)
4(604 700 701 605)
4(684 685 701 700)
4(590 606 702 686)
4(605 701 702 606)
4(685 686 702 701)
4(606 702 703 607)
4(686 687 703 702)
4(593 609 705 689)
4(608 704 705 609)
4(688 689 705 704)
4(594 610 706 690)
4(609 705 706 610)
4(689 690 706 705)
4(595 611 707 691)
4(610 706 707 611)
4(690 691 707 706)
4(596 612 708 692)
4(611 707 708 612)
4(691 692 708 707)
4(597 613 709 693)
4(612 708 709 613)
4(692 693 709 708)
4(598 614 710 694)
4(613 709 710 614)
4(693 694 710 709)
4(599 615 711 695)
4(614 710 711 615)
4(694 695 711 710)
4(600 616 712 696)
4(615 711 712 616)
4(695 696 712 711)
4(601 617 713 697)
4(616 712 713 617)
4(696 697 713 712)
4(602 618 714 698)
4(617 713 714 618)
4(697 698 714 713)
4(603 619 715 699)
4(618 714 715 619)
4(698 699 715 714)
4(604 620 716 700)
4(619 715 716 620)
4(699 700 716 715)
4(605 621 717 701)
4(620 716 717 621)
4(700 701 717 716)
4(606 622 718 702)
4(621 717 718 622)
4(701 702 718 717)
4(622 718 719 623)
4(702 703 719 718)
4(609 625 721 705)
4(624 720 721 625)
4(704 705 721 720)
4(610 626 722 706)
4(625 721 722 626)
4(705 706 722 721)
4(611 627 723 707)
4(626 722 723 627)
4(706 707 723 722)
4(612 628 724 708)
4(627 723 724 628)
4(707 708 724 723)
4(613 629 725 709)
4(628 724 725 629)
4(708 709 725 724)
4(614 630 726 710)
4(629 725 726 630)
4(709 710 726 725)
4(615 631 727 711)
4(630 726 727 631)
4(710 711 727 726)
4(616 632 728 712)
4(631 727 728 632)
4(711 712 728 727)
4(617 633 729 713)
4(632 728 729 633)
4(712 713 729 728)
4(618 634 730 714)
4(633 729 730 634)
4(713 714 730 729)
4(619 635 731 715)
4(634 730 731 635)
4(714 715 731 730)
4(620 636 732 716)
4(635 731 732 636)
4(715 716 732 731)
4(621 637 733 717)
4(636 732 733 637)
4(716 717 733 732)
4(622 638 734 718)
4(637 733 734 638)
4(717 718 734 733)
4(638 734 735 639)
4(718 719 735 734)
4(625 641 737 721)
4(640 736 737 641)
4(720 721 737 736)
4(626 642 738 722)
4(641 737 738 642)
4(721 722 738 737)
4(627 643 739 723)
4(642 738 739 643)
4(722 723 739 738)
4(628 644 740 724)
4(643 739 740 644)
4(723 724 740 739)
4(629 645 741 725)
4(644 740 741 645)
4(724 725 741 740)
4(630 646 742 726)
4(645 741 742 646)
4(725 726 742 741)
4(631 647 743 727)
4(646 742 743 647)
4(726 727 743 742)
4(632 648 744 728)
4(647 743 744 648)
4(727 728 744 743)
4(633 649 745 729)
4(648 744 745 649)
4(728 729 745 744)
4(634 650 746 730)
4(649 745 746 650)
4(729 730 746 745)
4(635 651 747 731)
4(650 746 747 651)
4(730 731 747 746)
4(636 652 748 732)
4(651 747 748 652)
4(731 732 748 747)
4(637 653 749 733)
4(652 748 749 653)
4(732 733 749 748)
4(638 654 750 734)
4(653 749 750 654)
4(733 734 750 749)
4(654 750 751 655)
4(734 735 751 750)
4(641 657 753 737)
4(736 737 753 752)
4(642 658 754 738)
4(737 738 754 753)
4(643 659 755 739)
4(738 739 755 754)
4(644 660 756 740)
4(739 740 756 755)
4(645 661 757 741)
4(740 741 757 756)
4(646 662 758 742)
4(741 742 758 757)
4(647 663 759 743)
4(742 743 759 758)
4(648 664 760 744)
4(743 744 760 759)
4(649 665 761 745)
4(744 745 761 760)
4(650 666 762 746)
4(745 746 762 761)
4(651 667 763 747)
4(746 747 763 762)
4(652 668 764 748)
4(747 748 764 763)
4(653 669 765 749)
4(748 749 765 764)
4(654 670 766 750)
4(749 750 766 765)
4(750 751 767 766)
4(673 689 785 769)
4(688 784 785 689)
4(768 769 785 784)
4(674 690 786 770)
4(689 785 786 690)
4(769 770 786 785)
4(675 691 787 771)
4(690 786 787 691)
4(770 771 787 786)
4(676 692 788 772)
4(691 787 788 692)
4(771 772 788 787)
4(677 693 789 773)
4(692 788 789 693)
4(772 773 789 788)
4(678 694 790 774)
4(693 789 790 694)
4(773 774 790 789)
4(679 695 791 775)
4(694 790 791 695)
4(774 775 791 790)
4(680 696 792 776)
4(695 791 792 696)
4(775 776 792 791)
4(681 697 793 777)
4(696 792 793 697)
4(776 777 793 792)
4(682 698 794 778)
4(697 793 794 698)
4(777 778 794 793)
4(683 699 795 779)
4(698 794 795 699)
4(778 779 795 794)
4(684 700 796 780)
4(699 795 796 700)
4(779 780 796 795)
4(685 701 797 781)
4(700 796 797 701)
4(780 781 797 796)
4(686 702 798 782)
4(701 797 798 702)
4(781 782 798 797)
4(702 798 799 703)
4(782 783 799 798)
4(689 705 801 785)
4(704 800 801 705)
4(784 785 801 800)
4(690 706 802 786)
4(705 801 802 706)
4(785 786 802 801)
4(691 707 803 787)
4(706 802 803 707)
4(786 787 803 802)
4(692 708 804 788)
4(707 803 804 708)
4(787 788 804 803)
4(693 709 805 789)
4(708 804 805 709)
4(788 789 805 804)
4(694 710 806 790)
4(709 805 806 710)
4(789 790 806 805)
4(695 711 807 791)
4(710 806 807 711)
4(790 791 807 806)
4(696 712 808 792)
4(711 807 808 712)
4(791 792 808 807)
4(697 713 809 793)
4(712 808 809 713)
4(792 793 809 808)
4(698 714 810 794)
4(713 809 810 714)
4(793 794 810 809)
4(699 715 811 795)
4(714 810 811 715)
4(794 795 811 810)
4(700 716 812 796)
4(715 811 812 716)
4(795 796 812 811)
4(701 717 813 797)
4(716 812 813 717)
4(796 797 813 812)
4(702 718 814 798)
4(717 813 814 718)
4(797 798 814 813)
4(718 814 815 719)
4(798 799 815 814)
4(705 721 817 801)
4(720 816 817 721)
4(800 801 817 816)
4(706 722 818 802)
4(721 817 818 722)
4(801 802 818 817)
4(707 723 819 803)
4(722 818 819 723)
4(802 803 819 818)
4(708 724 820 804)
4(723 819 820 724)
4(803 804 820 819)
4(709 725 821 805)
4(724 820 821 725)
4(804 805 821 820)
4(710 726 822 806)
4(725 821 822 726)
4(805 806 822 821)
4(711 727 823 807)
4(726 822 823 727)
4(806 807 823 822)
4(712 728 824 808)
4(727 823 824 728)
4(807 808 824 823)
4(713 729 825 809)
4(728 824 825 729)
4(808 809 825 824)
4(714 730 826 810)
4(729 825 826 730)
4(809 810 826 825)
4(715 731 827 811)
4(730 826 827 731)
4(810 811 827 826)
4(716 732 828 812)
4(731 827 828 732)
4(811 812 828 827)
4(717 733 829 813)
4(732 828 829 733)
4(812 813 829 828)
4(718 734 830 814)
4(733 829 830 734)
4(813 814 830 829)
4(734 830 831 735)
4(814 815 831 830)
4(721 737 833 817)
4(736 832 833 737)
4(816 817 833 832)
4(722 738 834 818)
4(737 833 834 738)
4(817 818 834 833)
4(723 739 835 819)
4(738 834 835 739)
4(818 819 835 834)
4(724 740 836 820)
4(739 835 836 740)
4(819 820 836 835)
4(725 741 837 821)
4(740 836 837 741)
4(820 821 837 836)
4(726 742 838 822)
4(741 837 838 742)
4(821 822 838 837)
4(727 743 839 823)
4(742 838 839 743)
4(822 823 839 838)
4(728 744 840 824)
4(743 839 840 744)
4(823 824 840 839)
4(729 745 841 825)
4(744 840 841 745)
4(824 825 841 840)
4(730 746 842 826)
4(745 841 842 746)
4(825 826 842 841)
4(731 747 843 827)
4(746 842 843 747)
4(826 827 843 842)
4(732 748 844 828)
4(747 843 844 748)
4(827 828 844 843)
4(733 749 845 829)
4(748 844 845 749)
4(828 829 845 844)
4(734 750 846 830)
4(749 845 846 750)
4(829 830 846 845)
4(750 846 847 751)
4(830 831 847 846)
4(737 753 849 833)
4(832 833 849 848)
4(738 754 850 834)
4(833 834 850 849)
4(739 755 851 835)
4(834 835 851 850)
4(740 756 852 836)
4(835 836 852 851)
4(741 757 853 837)
4(836 837 853 852)
4(742 758 854 838)
4(837 838 854 853)
4(743 759 855 839)
4(838 839 855 854)
4(744 760 856 840)
4(839 840 856 855)
4(745 761 857 841)
4(840 841 857 856)
4(746 762 858 842)
4(841 842 858 857)
4(747 763 859 843)
4(842 843 859 858)
4(748 764 860 844)
4(843 844 860 859)
4(749 765 861 845)
4(844 845 861 860)
4(750 766 862 846)
4(845 846 862 861)
4(846 847 863 862)
4(769 785 881 865)
4(784 880 881 785)
4(864 865 881 880)
4(770 786 882 866)
4(785 881 882 786)
4(865 866 882 881)
4(771 787 883 867)
4(786 882 883 787)
4(866 867 883 882)
4(772 788 884 868)
4(787 883 884 788)
4(867 868 884 883)
4(773 789 885 869)
4(788 884 885 789)
4(868 869 885 884)
4(774 790 886 870)
4(789 885 886 790)
4(869 870 886 885)
4(775 791 887 871)
4(790 886 887 791)
4(870 871 887 886)
4(776 792 888 872)
4(791 887 888 792)
4(871 872 888 887)
4(777 793 889 873)
4(792 888 889 793)
4(872 873 889 888)
4(778 794 890 874)
4(793 889 890 794)
4(873 874 890 889)
4(779 795 891 875)
4(794 890 891 795)
4(874 875 891 890)
4(780 796 892 876)
4(795 891 892 796)
4(875 876 892 891)
4(781 797 893 877)
4(796 892 893 797)
4(876 877 893 892)
4(782 798 894 878)
4(797 893 894 798)
4(877 878 894 893)
4(798 894 895 799)
4(878 879 895 894)
4(785 801 897 881)
4(800 896 897 801)
4(880 881 897 896)
4(786 802 898 882)
4(801 897 898 802)
4(881 882 898 897)
4(787 803 899 883)
4(802 898 899 803)
4(882 883 899 898)
4(788 804 900 884)
4(803 899 900 804)
4(883 884 900 899)
4(789 805 901 885)
4(804 900 901 805)
4(884 885 901 900)
4(790 806 902 886)
4(805 901 902 806)
4(885 886 902 901)
4(791 807 903 887)
4(806 902 903 807)
4(886 887 903 902)
4(792 808 904 888)
4(807 903 904 808)
4(887 888 904 903)
4(793 809 905 889)
4(808 904 905 809)
4(888 889 905 904)
4(794 810 906 890)
4(809 905 906 810)
4(889 890 906 905)
4(795 811 907 891)
4(810 906 907 811)
4(890 891 907 906)
4(796 812 908 892)
4(811 907 908 812)
4(891 892 908 907)
4(797 813 909 893)
4(812 908 909 813)
4(892 893 909 908)
4(798 814 910 894)
4(813 909 910 814)
4(893 894 910 909)
4(814 910 911 815)
4(894 895 911 910)
4(801 817 913 897)
4(816 912 913 817)
4(896 897 913 912)
4(802 818 914 898)
4(817 913 914 818)
4(897 898 914 913)
4(803 819 915 899)
4(818 914 915 819)
4(898 899 915 914)
4(804 820 916 900)
4(819 915 916 820)
4(899 900 916 915)
4(805 821 917 901)
4(820 916 917 821)
4(900 901 917 916)
4(806 822 918 902)
4(821 917 918 822)
4(901 902 918 917)
4(807 823 919 903)
4(822 918 919 823)
4(902 903 919 918)
4(808 824 920 904)
4(823 919 920 824)
4(903 904 920 919)
4(809 825 921 905)
4(824 920 921 825)
4(904 905 921 920)
4(810 826 922 906)
4(825 921 922 826)
4(905 906 922 921)
4(811 827 923 907)
4(826 922 923 827)
4(906 907 923 922)
4(812 828 924 908)
4(827 923 924 828)
4(907 908 924 923)
4(813 829 925 909)
4(828 924 925 829)
4(908 909 925 924)
4(814 830 926 910)
4(829 925 926 830)
4(909 910 926 925)
4(830 926 927 831)
4(910 911 927 926)
4(817 833 929 913)
4(832 928 929 833)
4(912 913 929 928)
4(818 834 930 914)
4(833 929 930 834)
4(913 914 930 929)
4(819 835 931 915)
4(834 930 931 835)
4(914 915 931 930)
4(820 836 932 916)
4(835 931 932 836)
4(915 916 932 931)
4(821 837 933 917)
4(836 932 933 837)
4(916 917 933 932)
4(822 838 934 918)
4(837 933 934 838)
4(917 918 934 933)
4(823 839 935 919)
4(838 934 935 839)
4(918 919 935 934)
4(824 840 936 920)
4(839 935 936 840)
4(919 920 936 935)
4(825 841 937 921)
4(840 936 937 841)
4(920 921 937 936)
4(826 842 938 922)
4(841 937 938 842)
4(921 922 938 937)
4(827 843 939 923)
4(842 938 939 843)
4(922 923 939 938)
4(828 844 940 924)
4(843 939 940 844)
4(923 924 940 939)
4(829 845 941 925)
4(844 940 941 845)
4(924 925 941 940)
4(830 846 942 926)
4(845 941 942 846)
4(925 926 942 941)
4(846 942 943 847)
4(926 927 943 942)
4(833 849 945 929)
4(928 929 945 944)
4(834 850 946 930)
4(929 930 946 945)
4(835 851 947 931)
4(930 931 947 946)
4(836 852 948 932)
4(931 932 948 947)
4(837 853 949 933)
4(932 933 949 948)
4(838 854 950 934)
4(933 934 950 949)
4(839 855 951 935)
4(934 935 951 950)
4(840 856 952 936)
4(935 936 952 951)
4(841 857 953 937)
4(936 937 953 952)
4(842 858 954 938)
4(937 938 954 953)
4(843 859 955 939)
4(938 939 955 954)
4(844 860 956 940)
4(939 940 956 955)
4(845 861 957 941)
4(940 941 957 956)
4(846 862 958 942)
4(941 942 958 957)
4(942 943 959 958)
4(865 881 977 961)
4(880 976 977 881)
4(866 882 978 962)
4(881 977 978 882)
4(867 883 979 963)
4(882 978 979 883)
4(868 884 980 964)
4(883 979 980 884)
4(869 885 981 965)
4(884 980 981 885)
4(870 886 982 966)
4(885 981 982 886)
4(871 887 983 967)
4(886 982 983 887)
4(872 888 984 968)
4(887 983 984 888)
4(873 889 985 969)
4(888 984 985 889)
4(874 890 986 970)
4(889 985 986 890)
4(875 891 987 971)
4(890 986 987 891)
4(876 892 988 972)
4(891 987 988 892)
4(877 893 989 973)
4(892 988 989 893)
4(878 894 990 974)
4(893 989 990 894)
4(894 990 991 895)
4(881 897 993 977)
4(896 992 993 897)
4(882 898 994 978)
4(897 993 994 898)
4(883 899 995 979)
4(898 994 995 899)
4(884 900 996 980)
4(899 995 996 900)
4(885 901 997 981)
4(900 996 997 901)
4(886 902 998 982)
4(901 997 998 902)
4(887 903 999 983)
4(902 998 999 903)
4(888 904 1000 984)
4(903 999 1000 904)
4(889 905 1001 985)
4(904 1000 1001 905)
4(890 906 1002 986)
4(905 1001 1002 906)
4(891 907 1003 987)
4(906 1002 1003 907)
4(892 908 1004 988)
4(907 1003 1004 908)
4(893 909 1005 989)
4(908 1004 1005 909)
4(894 910 1006 990)
4(909 1005 1006 910)
4(910 1006 1007 911)
4(897 913 1009 993)
4(912 1008 1009 913)
4(898 914 1010 994)
4(913 1009 1010 914)
4(899 915 1011 995)
4(914 1010 1011 915)
4(900 916 1012 996)
4(915 1011 1012 916)
4(901 917 1013 997)
4(916 1012 1013 917)
4(902 918 1014 998)
4(917 1013 1014 918)
4(903 919 1015 999)
4(918 1014 1015 919)
4(904 920 1016 1000)
4(919 1015 1016 920)
4(905 921 1017 1001)
4(920 1016 1017 921)
4(906 922 1018 1002)
4(921 1017 1018 922)
4(907 923 1019 1003)
4(922 1018 1019 923)
4(908 924 1020 1004)
4(923 1019 1020 924)
4(909 925 1021 1005)
4(924 1020 1021 925)
4(910 926 1022 1006)
4(925 1021 1022 926)
4(926 1022 1023 927)
4(913 929 1025 1009)
4(928 1024 1025 929)
4(914 930 1026 1010)
4(929 1025 1026 930)
4(915 931 1027 1011)
4(930 1026 1027 931)
4(916 932 1028 1012)
4(931 1027 1028 932)
4(917 933 1029 1013)
4(932 1028 1029 933)
4(918 934 1030 1014)
4(933 1029 1030 934)
4(919 935 1031 1015)
4(934 1030 1031 935)
4(920 936 1032 1016)
4(935 1031 1032 936)
4(921 937 1033 1017)
4(936 1032 1033 937)
4(922 938 1034 1018)
4(937 1033 1034 938)
4(923 939 1035 1019)
4(938 1034 1035 939)
4(924 940 1036 1020)
4(939 1035 1036 940)
4(925 941 1037 1021)
4(940 1036 1037 941)
4(926 942 1038 1022)
4(941 1037 1038 942)
4(942 1038 1039 943)
4(929 945 1041 1025)
4(930 946 1042 1026)
4(931 947 1043 1027)
4(932 948 1044 1028)
4(933 949 1045 1029)
4(934 950 1046 1030)
4(935 951 1047 1031)
4(936 952 1048 1032)
4(937 953 1049 1033)
4(938 954 1050 1034)
4(939 955 1051 1035)
4(940 956 1052 1036)
4(941 957 1053 1037)
4(942 958 1054 1038)
4(80 176 177 81)
4(176 272 273 177)
4(272 368 369 273)
4(368 464 465 369)
4(464 560 561 465)
4(560 656 657 561)
4(656 752 753 657)
4(752 848 849 753)
4(848 944 945 849)
4(944 1040 1041 945)
4(81 177 178 82)
4(177 273 274 178)
4(273 369 370 274)
4(369 465 466 370)
4(465 561 562 466)
4(561 657 658 562)
4(657 753 754 658)
4(753 849 850 754)
4(849 945 946 850)
4(945 1041 1042 946)
4(82 178 179 83)
4(178 274 275 179)
4(274 370 371 275)
4(370 466 467 371)
4(466 562 563 467)
4(562 658 659 563)
4(658 754 755 659)
4(754 850 851 755)
4(850 946 947 851)
4(946 1042 1043 947)
4(83 179 180 84)
4(179 275 276 180)
4(275 371 372 276)
4(371 467 468 372)
4(467 563 564 468)
4(563 659 660 564)
4(659 755 756 660)
4(755 851 852 756)
4(851 947 948 852)
4(947 1043 1044 948)
4(84 180 181 85)
4(180 276 277 181)
4(276 372 373 277)
4(372 468 469 373)
4(468 564 565 469)
4(564 660 661 565)
4(660 756 757 661)
4(756 852 853 757)
4(852 948 949 853)
4(948 1044 1045 949)
4(85 181 182 86)
4(181 277 278 182)
4(277 373 374 278)
4(373 469 470 374)
4(469 565 566 470)
4(565 661 662 566)
4(661 757 758 662)
4(757 853 854 758)
4(853 949 950 854)
4(949 1045 1046 950)
4(86 182 183 87)
4(182 278 279 183)
4(278 374 375 279)
4(374 470 471 375)
4(470 566 567 471)
4(566 662 663 567)
4(662 758 759 663)
4(758 854 855 759)
4(854 950 951 855)
4(950 1046 1047 951)
4(87 183 184 88)
4(183 279 280 184)
4(279 375 376 280)
4(375 471 472 376)
4(471 567 568 472)
4(567 663 664 568)
4(663 759 760 664)
4(759 855 856 760)
4(855 951 952 856)
4(951 1047 1048 952)
4(88 184 185 89)
4(184 280 281 185)
4(280 376 377 281)
4(376 472 473 377)
4(472 568 569 473)
4(568 664 665 569)
4(664 760 761 665)
4(760 856 857 761)
4(856 952 953 857)
4(952 1048 1049 953)
4(89 185 186 90)
4(185 281 282 186)
4(281 377 378 282)
4(377 473 474 378)
4(473 569 570 474)
4(569 665 666 570)
4(665 761 762 666)
4(761 857 858 762)
4(857 953 954 858)
4(953 1049 1050 954)
4(90 186 187 91)
4(186 282 283 187)
4(282 378 379 283)
4(378 474 475 379)
4(474 570 571 475)
4(570 666 667 571)
4(666 762 763 667)
4(762 858 859 763)
4(858 954 955 859)
4(954 1050 1051 955)
4(91 187 188 92)
4(187 283 284 188)
4(283 379 380 284)
4(379 475 476 380)
4(475 571 572 476)
4(571 667 668 572)
4(667 763 764 668)
4(763 859 860 764)
4(859 955 956 860)
4(955 1051 1052 956)
4(92 188 189 93)
4(188 284 285 189)
4(284 380 381 285)
4(380 476 477 381)
4(476 572 573 477)
4(572 668 669 573)
4(668 764 765 669)
4(764 860 861 765)
4(860 956 957 861)
4(956 1052 1053 957)
4(93 189 190 94)
4(189 285 286 190)
4(285 381 382 286)
4(381 477 478 382)
4(477 573 574 478)
4(573 669 670 574)
4(669 765 766 670)
4(765 861 862 766)
4(861 957 958 862)
4(957 1053 1054 958)
4(94 190 191 95)
4(190 286 287 191)
4(286 382 383 287)
4(382 478 479 383)
4(478 574 575 479)
4(574 670 671 575)
4(670 766 767 671)
4(766 862 863 767)
4(862 958 959 863)
4(958 1054 1055 959)
4(0 1 97 96)
4(96 97 193 192)
4(192 193 289 288)
4(288 289 385 384)
4(384 385 481 480)
4(480 481 577 576)
4(576 577 673 672)
4(672 673 769 768)
4(768 769 865 864)
4(864 865 961 960)
4(1 2 98 97)
4(97 98 194 193)
4(193 194 290 289)
4(289 290 386 385)
4(385 386 482 481)
4(481 482 578 577)
4(577 578 674 673)
4(673 674 770 769)
4(769 770 866 865)
4(865 866 962 961)
4(2 3 99 98)
4(98 99 195 194)
4(194 195 291 290)
4(290 291 387 386)
4(386 387 483 482)
4(482 483 579 578)
4(578 579 675 674)
4(674 675 771 770)
4(770 771 867 866)
4(866 867 963 962)
4(3 4 100 99)
4(99 100 196 195)
4(195 196 292 291)
4(291 292 388 387)
4(387 388 484 483)
4(483 484 580 579)
4(579 580 676 675)
4(675 676 772 771)
4(771 772 868 867)
4(867 868 964 963)
4(4 5 101 100)
4(100 101 197 196)
4(196 197 293 292)
4(292 293 389 388)
4(388 389 485 484)
4(484 485 581 580)
4(580 581 677 676)
4(676 677 773 772)
4(772 773 869 868)
4(868 869 965 964)
4(5 6 102 101)
4(101 102 198 197)
4(197 198 294 293)
4(293 294 390 389)
4(389 390 486 485)
4(485 486 582 581)
4(581 582 678 677)
4(677 678 774 773)
4(773 774 870 869)
4(869 870 966 965)
4(6 7 103 102)
4(102 103 199 198)
4(198 199 295 294)
4(294 295 391 390)
4(390 391 487 486)
4(486 487 583 582)
4(582 583 679 678)
4(678 679 775 774)
4(774 775 871 870)
4(870 871 967 966)
4(7 8 104 103)
4(103 104 200 199)
4(199 200 296 295)
4(295 296 392 391)
4(391 392 488 487)
4(487 488 584 583)
4(583 584 680 679)
4(679 680 776 775)
4(775 776 872 871)
4(871 872 968 967)
4(8 9 105 104)
4(104 105 201 200)
4(200 201 297 296)
4(296 297 393 392)
4(392 393 489 488)
4(488 489 585 584)
4(584 585 681 680)
4(680 681 777 776)
4(776 777 873 872)
4(872 873 969 968)
4(9 10 106 105)
4(105 106 202 201)
4(201 202 298 297)
4(297 298 394 393)
4(393 394 490 489)
4(489 490 586 585)
4(585 586 682 681)
4(681 682 778 777)
4(777 778 874 873)
4(873 874 970 969)
4(10 11 107 106)
4(106 107 203 202)
4(202 203 299 298)
4(298 299 395 394)
4(394 395 491 490)
4(490 491 587 586)
4(586 587 683 682)
4(682 683 779 778)
4(778 779 875 874)
4(874 875 971 970)
4(11 12 108 107)
4(107 108 204 203)
4(203 204 300 299)
4(299 300 396 395)
4(395 396 492 491)
4(491 492 588 587)
4(587 588 684 683)
4(683 684 780 779)
4(779 780 876 875)
4(875 876 972 971)
4(12 13 109 108)
4(108 109 205 204)
4(204 205 301 300)
4(300 301 397 396)
4(396 397 493 492)
4(492 493 589 588)
4(588 589 685 684)
4(684 685 781 780)
4(780 781 877 876)
4(876 877 973 972)
4(13 14 110 109)
4(109 110 206 205)
4(205 206 302 301)
4(301 302 398 397)
4(397 398 494 493)
4(493 494 590 589)
4(589 590 686 685)
4(685 686 782 781)
4(781 782 878 877)
4(877 878 974 973)
4(14 15 111 110)
4(110 111 207 206)
4(206 207 303 302)
4(302 303 399 398)
4(398 399 495 494)
4(494 495 591 590)
4(590 591 687 686)
4(686 687 783 782)
4(782 783 879 878)
4(878 879 975 974)
4(15 31 127 111)
4(31 47 143 127)
4(47 63 159 143)
4(63 79 175 159)
4(79 95 191 175)
4(111 127 223 207)
4(127 143 239 223)
4(143 159 255 239)
4(159 175 271 255)
4(175 191 287 271)
4(207 223 319 303)
4(223 239 335 319)
4(239 255 351 335)
4(255 271 367 351)
4(271 287 383 367)
4(303 319 415 399)
4(319 335 431 415)
4(335 351 447 431)
4(351 367 463 447)
4(367 383 479 463)
4(399 415 511 495)
4(415 431 527 511)
4(431 447 543 527)
4(447 463 559 543)
4(463 479 575 559)
4(495 511 607 591)
4(511 527 623 607)
4(527 543 639 623)
4(543 559 655 639)
4(559 575 671 655)
4(591 607 703 687)
4(607 623 719 703)
4(623 639 735 719)
4(639 655 751 735)
4(655 671 767 751)
4(687 703 799 783)
4(703 719 815 799)
4(719 735 831 815)
4(735 751 847 831)
4(751 767 863 847)
4(783 799 895 879)
4(799 815 911 895)
4(815 831 927 911)
4(831 847 943 927)
4(847 863 959 943)
4(879 895 991 975)
4(895 911 1007 991)
4(911 927 1023 1007)
4(927 943 1039 1023)
4(943 959 1055 1039)
4(0 96 112 16)
4(16 112 128 32)
4(32 128 144 48)
4(48 144 160 64)
4(64 160 176 80)
4(96 192 208 112)
4(112 208 224 128)
4(128 224 240 144)
4(144 240 256 160)
4(160 256 272 176)
4(192 288 304 208)
4(208 304 320 224)
4(224 320 336 240)
4(240 336 352 256)
4(256 352 368 272)
4(288 384 400 304)
4(304 400 416 320)
4(320 416 432 336)
4(336 432 448 352)
4(352 448 464 368)
4(384 480 496 400)
4(400 496 512 416)
4(416 512 528 432)
4(432 528 544 448)
4(448 544 560 464)
4(480 576 592 496)
4(496 592 608 512)
4(512 608 624 528)
4(528 624 640 544)
4(544 640 656 560)
4(576 672 688 592)
4(592 688 704 608)
4(608 704 720 624)
4(624 720 736 640)
4(640 736 752 656)
4(672 768 784 688)
4(688 784 800 704)
4(704 800 816 720)
4(720 816 832 736)
4(736 832 848 752)
4(768 864 880 784)
4(784 880 896 800)
4(800 896 912 816)
4(816 912 928 832)
4(832 928 944 848)
4(864 960 976 880)
4(880 976 992 896)
4(896 992 1008 912)
4(912 1008 1024 928)
4(928 1024 1040 944)
4(0 16 17 1)
4(16 32 33 17)
4(32 48 49 33)
4(48 64 65 49)
4(64 80 81 65)
4(1 17 18 2)
4(17 33 34 18)
4(33 49 50 34)
4(49 65 66 50)
4(65 81 82 66)
4(2 18 19 3)
4(18 34 35 19)
4(34 50 51 35)
4(50 66 67 51)
4(66 82 83 67)
4(3 19 20 4)
4(19 35 36 20)
4(35 51 52 36)
4(51 67 68 52)
4(67 83 84 68)
4(4 20 21 5)
4(20 36 37 21)
4(36 52 53 37)
4(52 68 69 53)
4(68 84 85 69)
4(5 21 22 6)
4(21 37 38 22)
4(37 53 54 38)
4(53 69 70 54)
4(69 85 86 70)
4(6 22 23 7)
4(22 38 39 23)
4(38 54 55 39)
4(54 70 71 55)
4(70 86 87 71)
4(7 23 24 8)
4(23 39 40 24)
4(39 55 56 40)
4(55 71 72 56)
4(71 87 88 72)
4(8 24 25 9)
4(24 40 41 25)
4(40 56 57 41)
4(56 72 73 57)
4(72 88 89 73)
4(9 25 26 10)
4(25 41 42 26)
4(41 57 58 42)
4(57 73 74 58)
4(73 89 90 74)
4(10 26 27 11)
4(26 42 43 27)
4(42 58 59 43)
4(58 74 75 59)
4(74 90 91 75)
4(11 27 28 12)
4(27 43 44 28)
4(43 59 60 44)
4(59 75 76 60)
4(75 91 92 76)
4(12 28 29 13)
4(28 44 45 29)
4(44 60 61 45)
4(60 76 77 61)
4(76 92 93 77)
4(13 29 30 14)
4(29 45 46 30)
4(45 61 62 46)
4(61 77 78 62)
4(77 93 94 78)
4(14 30 31 15)
4(30 46 47 31)
4(46 62 63 47)
4(62 78 79 63)
4(78 94 95 79)
4(960 961 977 976)
4(976 977 993 992)
4(992 993 1009 1008)
4(1008 1009 1025 1024)
4(1024 1025 1041 1040)
4(961 962 978 977)
4(977 978 994 993)
4(993 994 1010 1009)
4(1009 1010 1026 1025)
4(1025 1026 1042 1041)
4(962 963 979 978)
4(978 979 995 994)
4(994 995 1011 1010)
4(1010 1011 1027 1026)
4(1026 1027 1043 1042)
4(963 964 980 979)
4(979 980 996 995)
4(995 996 1012 1011)
4(1011 1012 1028 1027)
4(1027 1028 1044 1043)
4(964 965 981 980)
4(980 981 997 996)
4(996 997 1013 1012)
4(1012 1013 1029 1028)
4(1028 1029 1045 1044)
4(965 966 982 981)
4(981 982 998 997)
4(997 998 1014 1013)
4(1013 1014 1030 1029)
4(1029 1030 1046 1045)
4(966 967 983 982)
4(982 983 999 998)
4(998 999 1015 1014)
4(1014 1015 1031 1030)
4(1030 1031 1047 1046)
4(967 968 984 983)
4(983 984 1000 999)
4(999 1000 1016 1015)
4(1015 1016 1032 1031)
4(1031 1032 1048 1047)
4(968 969 985 984)
4(984 985 1001 1000)
4(1000 1001 1017 1016)
4(1016 1017 1033 1032)
4(1032 1033 1049 1048)
4(969 970 986 985)
4(985 986 1002 1001)
4(1001 1002 1018 1017)
4(1017 1018 1034 1033)
4(1033 1034 1050 1049)
4(970 971 987 986)
4(986 987 1003 1002)
4(1002 1003 1019 1018)
4(1018 1019 1035 1034)
4(1034 1035 1051 1050)
4(971 972 988 987)
4(987 988 1004 1003)
4(1003 1004 1020 1019)
4(1019 1020 1036 1035)
4(1035 1036 1052 1051)
4(972 973 989 988)
4(988 989 1005 1004)
4(1004 1005 1021 1020)
4(1020 1021 1037 1036)
4(1036 1037 1053 1052)
4(973 974 990 989)
4(989 990 1006 1005)
4(1005 1006 1022 1021)
4(1021 1022 1038 1037)
4(1037 1038 1054 1053)
4(974 975 991 990)
4(990 991 1007 1006)
4(1006 1007 1023 1022)
4(1022 1023 1039 1038)
4(1038 1039 1055 1054)
)


// ************************************************************************* //
