/*--------------------------------*- C++ -*----------------------------------*\
| =========                 |                                                 |
| \\      /  F ield         | OpenFOAM: The Open Source CFD Toolbox           |
|  \\    /   O peration     | Version:  2312                                  |
|   \\  /    A nd           | Website:  www.openfoam.com                      |
|    \\/     M anipulation  |                                                 |
\*---------------------------------------------------------------------------*/
FoamFile
{
    version     2.0;
    format      ascii;
    arch        "LSB;label=32;scalar=64";
    note        "nPoints:1056  nCells:750  nFaces:2525  nInternalFaces:1975";
    class       labelList;
    location    "constant/polyMesh";
    object      neighbour;
}
// * * * * * * * * * * * * * * * * * * * * * * * * * * * * * * * * * * * * * //


1975
(
1
15
75
2
16
76
3
17
77
4
18
78
5
19
79
6
20
80
7
21
81
8
22
82
9
23
83
10
24
84
11
25
85
12
26
86
13
27
87
14
28
88
29
89
16
30
90
17
31
91
18
32
92
19
33
93
20
34
94
21
35
95
22
36
96
23
37
97
24
38
98
25
39
99
26
40
100
27
41
101
28
42
102
29
43
103
44
104
31
45
105
32
46
106
33
47
107
34
48
108
35
49
109
36
50
110
37
51
111
38
52
112
39
53
113
40
54
114
41
55
115
42
56
116
43
57
117
44
58
118
59
119
46
60
120
47
61
121
48
62
122
49
63
123
50
64
124
51
65
125
52
66
126
53
67
127
54
68
128
55
69
129
56
70
130
57
71
131
58
72
132
59
73
133
74
134
61
135
62
136
63
137
64
138
65
139
66
140
67
141
68
142
69
143
70
144
71
145
72
146
73
147
74
148
149
76
90
150
77
91
151
78
92
152
79
93
153
80
94
154
81
95
155
82
96
156
83
97
157
84
98
158
85
99
159
86
100
160
87
101
161
88
102
162
89
103
163
104
164
91
105
165
92
106
166
93
107
167
94
108
168
95
109
169
96
110
170
97
111
171
98
112
172
99
113
173
100
114
174
101
115
175
102
116
176
103
117
177
104
118
178
119
179
106
120
180
107
121
181
108
122
182
109
123
183
110
124
184
111
125
185
112
126
186
113
127
187
114
128
188
115
129
189
116
130
190
117
131
191
118
132
192
119
133
193
134
194
121
135
195
122
136
196
123
137
197
124
138
198
125
139
199
126
140
200
127
141
201
128
142
202
129
143
203
130
144
204
131
145
205
132
146
206
133
147
207
134
148
208
149
209
136
210
137
211
138
212
139
213
140
214
141
215
142
216
143
217
144
218
145
219
146
220
147
221
148
222
149
223
224
151
165
225
152
166
226
153
167
227
154
168
228
155
169
229
156
170
230
157
171
231
158
172
232
159
173
233
160
174
234
161
175
235
162
176
236
163
177
237
164
178
238
179
239
166
180
240
167
181
241
168
182
242
169
183
243
170
184
244
171
185
245
172
186
246
173
187
247
174
188
248
175
189
249
176
190
250
177
191
251
178
192
252
179
193
253
194
254
181
195
255
182
196
256
183
197
257
184
198
258
185
199
259
186
200
260
187
201
261
188
202
262
189
203
263
190
204
264
191
205
265
192
206
266
193
207
267
194
208
268
209
269
196
210
270
197
211
271
198
212
272
199
213
273
200
214
274
201
215
275
202
216
276
203
217
277
204
218
278
205
219
279
206
220
280
207
221
281
208
222
282
209
223
283
224
284
211
285
212
286
213
287
214
288
215
289
216
290
217
291
218
292
219
293
220
294
221
295
222
296
223
297
224
298
299
226
240
300
227
241
301
228
242
302
229
243
303
230
244
304
231
245
305
232
246
306
233
247
307
234
248
308
235
249
309
236
250
310
237
251
311
238
252
312
239
253
313
254
314
241
255
315
242
256
316
243
257
317
244
258
318
245
259
319
246
260
320
247
261
321
248
262
322
249
263
323
250
264
324
251
265
325
252
266
326
253
267
327
254
268
328
269
329
256
270
330
257
271
331
258
272
332
259
273
333
260
274
334
261
275
335
262
276
336
263
277
337
264
278
338
265
279
339
266
280
340
267
281
341
268
282
342
269
283
343
284
344
271
285
345
272
286
346
273
287
347
274
288
348
275
289
349
276
290
350
277
291
351
278
292
352
279
293
353
280
294
354
281
295
355
282
296
356
283
297
357
284
298
358
299
359
286
360
287
361
288
362
289
363
290
364
291
365
292
366
293
367
294
368
295
369
296
370
297
371
298
372
299
373
374
301
315
375
302
316
376
303
317
377
304
318
378
305
319
379
306
320
380
307
321
381
308
322
382
309
323
383
310
324
384
311
325
385
312
326
386
313
327
387
314
328
388
329
389
316
330
390
317
331
391
318
332
392
319
333
393
320
334
394
321
335
395
322
336
396
323
337
397
324
338
398
325
339
399
326
340
400
327
341
401
328
342
402
329
343
403
344
404
331
345
405
332
346
406
333
347
407
334
348
408
335
349
409
336
350
410
337
351
411
338
352
412
339
353
413
340
354
414
341
355
415
342
356
416
343
357
417
344
358
418
359
419
346
360
420
347
361
421
348
362
422
349
363
423
350
364
424
351
365
425
352
366
426
353
367
427
354
368
428
355
369
429
356
370
430
357
371
431
358
372
432
359
373
433
374
434
361
435
362
436
363
437
364
438
365
439
366
440
367
441
368
442
369
443
370
444
371
445
372
446
373
447
374
448
449
376
390
450
377
391
451
378
392
452
379
393
453
380
394
454
381
395
455
382
396
456
383
397
457
384
398
458
385
399
459
386
400
460
387
401
461
388
402
462
389
403
463
404
464
391
405
465
392
406
466
393
407
467
394
408
468
395
409
469
396
410
470
397
411
471
398
412
472
399
413
473
400
414
474
401
415
475
402
416
476
403
417
477
404
418
478
419
479
406
420
480
407
421
481
408
422
482
409
423
483
410
424
484
411
425
485
412
426
486
413
427
487
414
428
488
415
429
489
416
430
490
417
431
491
418
432
492
419
433
493
434
494
421
435
495
422
436
496
423
437
497
424
438
498
425
439
499
426
440
500
427
441
501
428
442
502
429
443
503
430
444
504
431
445
505
432
446
506
433
447
507
434
448
508
449
509
436
510
437
511
438
512
439
513
440
514
441
515
442
516
443
517
444
518
445
519
446
520
447
521
448
522
449
523
524
451
465
525
452
466
526
453
467
527
454
468
528
455
469
529
456
470
530
457
471
531
458
472
532
459
473
533
460
474
534
461
475
535
462
476
536
463
477
537
464
478
538
479
539
466
480
540
467
481
541
468
482
542
469
483
543
470
484
544
471
485
545
472
486
546
473
487
547
474
488
548
475
489
549
476
490
550
477
491
551
478
492
552
479
493
553
494
554
481
495
555
482
496
556
483
497
557
484
498
558
485
499
559
486
500
560
487
501
561
488
502
562
489
503
563
490
504
564
491
505
565
492
506
566
493
507
567
494
508
568
509
569
496
510
570
497
511
571
498
512
572
499
513
573
500
514
574
501
515
575
502
516
576
503
517
577
504
518
578
505
519
579
506
520
580
507
521
581
508
522
582
509
523
583
524
584
511
585
512
586
513
587
514
588
515
589
516
590
517
591
518
592
519
593
520
594
521
595
522
596
523
597
524
598
599
526
540
600
527
541
601
528
542
602
529
543
603
530
544
604
531
545
605
532
546
606
533
547
607
534
548
608
535
549
609
536
550
610
537
551
611
538
552
612
539
553
613
554
614
541
555
615
542
556
616
543
557
617
544
558
618
545
559
619
546
560
620
547
561
621
548
562
622
549
563
623
550
564
624
551
565
625
552
566
626
553
567
627
554
568
628
569
629
556
570
630
557
571
631
558
572
632
559
573
633
560
574
634
561
575
635
562
576
636
563
577
637
564
578
638
565
579
639
566
580
640
567
581
641
568
582
642
569
583
643
584
644
571
585
645
572
586
646
573
587
647
574
588
648
575
589
649
576
590
650
577
591
651
578
592
652
579
593
653
580
594
654
581
595
655
582
596
656
583
597
657
584
598
658
599
659
586
660
587
661
588
662
589
663
590
664
591
665
592
666
593
667
594
668
595
669
596
670
597
671
598
672
599
673
674
601
615
675
602
616
676
603
617
677
604
618
678
605
619
679
606
620
680
607
621
681
608
622
682
609
623
683
610
624
684
611
625
685
612
626
686
613
627
687
614
628
688
629
689
616
630
690
617
631
691
618
632
692
619
633
693
620
634
694
621
635
695
622
636
696
623
637
697
624
638
698
625
639
699
626
640
700
627
641
701
628
642
702
629
643
703
644
704
631
645
705
632
646
706
633
647
707
634
648
708
635
649
709
636
650
710
637
651
711
638
652
712
639
653
713
640
654
714
641
655
715
642
656
716
643
657
717
644
658
718
659
719
646
660
720
647
661
721
648
662
722
649
663
723
650
664
724
651
665
725
652
666
726
653
667
727
654
668
728
655
669
729
656
670
730
657
671
731
658
672
732
659
673
733
674
734
661
735
662
736
663
737
664
738
665
739
666
740
667
741
668
742
669
743
670
744
671
745
672
746
673
747
674
748
749
676
690
677
691
678
692
679
693
680
694
681
695
682
696
683
697
684
698
685
699
686
700
687
701
688
702
689
703
704
691
705
692
706
693
707
694
708
695
709
696
710
697
711
698
712
699
713
700
714
701
715
702
716
703
717
704
718
719
706
720
707
721
708
722
709
723
710
724
711
725
712
726
713
727
714
728
715
729
716
730
717
731
718
732
719
733
734
721
735
722
736
723
737
724
738
725
739
726
740
727
741
728
742
729
743
730
744
731
745
732
746
733
747
734
748
749
736
737
738
739
740
741
742
743
744
745
746
747
748
749
)


// ************************************************************************* //
