/*--------------------------------*- C++ -*----------------------------------*\
| =========                 |                                                 |
| \\      /  F ield         | OpenFOAM: The Open Source CFD Toolbox           |
|  \\    /   O peration     | Version:  2312                                  |
|   \\  /    A nd           | Website:  www.openfoam.com                      |
|    \\/     M anipulation  |                                                 |
\*---------------------------------------------------------------------------*/
FoamFile
{
    version     2.0;
    format      ascii;
    arch        "LSB;label=32;scalar=64";
    class       vectorField;
    location    "constant/polyMesh";
    object      points;
}
// * * * * * * * * * * * * * * * * * * * * * * * * * * * * * * * * * * * * * //


1056
(
(-1 -1 -1)
(-0.8 -1 -1)
(-0.6 -1 -1)
(-0.4 -1 -1)
(-0.2 -1 -1)
(-7.401486831e-17 -1 -1)
(0.2 -1 -1)
(0.4 -1 -1)
(0.6 -1 -1)
(0.8 -1 -1)
(1 -1 -1)
(1.2 -1 -1)
(1.4 -1 -1)
(1.6 -1 -1)
(1.8 -1 -1)
(2 -1 -1)
(-1 -0.8 -1)
(-0.8 -0.8 -1)
(-0.6 -0.8 -1)
(-0.4 -0.8 -1)
(-0.2 -0.8 -1)
(-8.326672685e-17 -0.8 -1)
(0.2 -0.8 -1)
(0.4 -0.8 -1)
(0.6 -0.8 -1)
(0.8 -0.8 -1)
(1 -0.8 -1)
(1.2 -0.8 -1)
(1.4 -0.8 -1)
(1.6 -0.8 -1)
(1.8 -0.8 -1)
(2 -0.8 -1)
(-1 -0.6 -1)
(-0.8 -0.6 -1)
(-0.6 -0.6 -1)
(-0.4 -0.6 -1)
(-0.2 -0.6 -1)
(-7.401486831e-17 -0.6 -1)
(0.2 -0.6 -1)
(0.4 -0.6 -1)
(0.6 -0.6 -1)
(0.8 -0.6 -1)
(1 -0.6 -1)
(1.2 -0.6 -1)
(1.4 -0.6 -1)
(1.6 -0.6 -1)
(1.8 -0.6 -1)
(2 -0.6 -1)
(-1 -0.4 -1)
(-0.8 -0.4 -1)
(-0.6 -0.4 -1)
(-0.4 -0.4 -1)
(-0.2 -0.4 -1)
(-7.401486831e-17 -0.4 -1)
(0.2 -0.4 -1)
(0.4 -0.4 -1)
(0.6 -0.4 -1)
(0.8 -0.4 -1)
(1 -0.4 -1)
(1.2 -0.4 -1)
(1.4 -0.4 -1)
(1.6 -0.4 -1)
(1.8 -0.4 -1)
(2 -0.4 -1)
(-1 -0.2 -1)
(-0.8 -0.2 -1)
(-0.6 -0.2 -1)
(-0.4 -0.2 -1)
(-0.2 -0.2 -1)
(-7.401486831e-17 -0.2 -1)
(0.2 -0.2 -1)
(0.4 -0.2 -1)
(0.6 -0.2 -1)
(0.8 -0.2 -1)
(1 -0.2 -1)
(1.2 -0.2 -1)
(1.4 -0.2 -1)
(1.6 -0.2 -1)
(1.8 -0.2 -1)
(2 -0.2 -1)
(-1 0 -1)
(-0.8 0 -1)
(-0.6 0 -1)
(-0.4 0 -1)
(-0.2 0 -1)
(-7.401486831e-17 0 -1)
(0.2 0 -1)
(0.4 0 -1)
(0.6 0 -1)
(0.8 0 -1)
(1 0 -1)
(1.2 0 -1)
(1.4 0 -1)
(1.6 0 -1)
(1.8 0 -1)
(2 0 -1)
(-1 -1 -0.8)
(-0.8 -1 -0.8)
(-0.6 -1 -0.8)
(-0.4 -1 -0.8)
(-0.2 -1 -0.8)
(-7.401486831e-17 -1 -0.8)
(0.2 -1 -0.8)
(0.4 -1 -0.8)
(0.6 -1 -0.8)
(0.8 -1 -0.8)
(1 -1 -0.8)
(1.2 -1 -0.8)
(1.4 -1 -0.8)
(1.6 -1 -0.8)
(1.8 -1 -0.8)
(2 -1 -0.8)
(-1 -0.8 -0.8)
(-0.8 -0.8 -0.8)
(-0.6 -0.8 -0.8)
(-0.4 -0.8 -0.8)
(-0.2 -0.8 -0.8)
(-8.326672685e-17 -0.8 -0.8)
(0.2 -0.8 -0.8)
(0.4 -0.8 -0.8)
(0.6 -0.8 -0.8)
(0.8 -0.8 -0.8)
(1 -0.8 -0.8)
(1.2 -0.8 -0.8)
(1.4 -0.8 -0.8)
(1.6 -0.8 -0.8)
(1.8 -0.8 -0.8)
(2 -0.8 -0.8)
(-1 -0.6 -0.8)
(-0.8 -0.6 -0.8)
(-0.6 -0.6 -0.8)
(-0.4 -0.6 -0.8)
(-0.2 -0.6 -0.8)
(-7.401486831e-17 -0.6 -0.8)
(0.2 -0.6 -0.8)
(0.4 -0.6 -0.8)
(0.6 -0.6 -0.8)
(0.8 -0.6 -0.8)
(1 -0.6 -0.8)
(1.2 -0.6 -0.8)
(1.4 -0.6 -0.8)
(1.6 -0.6 -0.8)
(1.8 -0.6 -0.8)
(2 -0.6 -0.8)
(-1 -0.4 -0.8)
(-0.8 -0.4 -0.8)
(-0.6 -0.4 -0.8)
(-0.4 -0.4 -0.8)
(-0.2 -0.4 -0.8)
(-7.401486831e-17 -0.4 -0.8)
(0.2 -0.4 -0.8)
(0.4 -0.4 -0.8)
(0.6 -0.4 -0.8)
(0.8 -0.4 -0.8)
(1 -0.4 -0.8)
(1.2 -0.4 -0.8)
(1.4 -0.4 -0.8)
(1.6 -0.4 -0.8)
(1.8 -0.4 -0.8)
(2 -0.4 -0.8)
(-1 -0.2 -0.8)
(-0.8 -0.2 -0.8)
(-0.6 -0.2 -0.8)
(-0.4 -0.2 -0.8)
(-0.2 -0.2 -0.8)
(-7.401486831e-17 -0.2 -0.8)
(0.2 -0.2 -0.8)
(0.4 -0.2 -0.8)
(0.6 -0.2 -0.8)
(0.8 -0.2 -0.8)
(1 -0.2 -0.8)
(1.2 -0.2 -0.8)
(1.4 -0.2 -0.8)
(1.6 -0.2 -0.8)
(1.8 -0.2 -0.8)
(2 -0.2 -0.8)
(-1 0 -0.8)
(-0.8 0 -0.8)
(-0.6 0 -0.8)
(-0.4 0 -0.8)
(-0.2 0 -0.8)
(-7.401486831e-17 0 -0.8)
(0.2 0 -0.8)
(0.4 0 -0.8)
(0.6 0 -0.8)
(0.8 0 -0.8)
(1 0 -0.8)
(1.2 0 -0.8)
(1.4 0 -0.8)
(1.6 0 -0.8)
(1.8 0 -0.8)
(2 0 -0.8)
(-1 -1 -0.6)
(-0.8 -1 -0.6)
(-0.6 -1 -0.6)
(-0.4 -1 -0.6)
(-0.2 -1 -0.6)
(-7.401486831e-17 -1 -0.6)
(0.2 -1 -0.6)
(0.4 -1 -0.6)
(0.6 -1 -0.6)
(0.8 -1 -0.6)
(1 -1 -0.6)
(1.2 -1 -0.6)
(1.4 -1 -0.6)
(1.6 -1 -0.6)
(1.8 -1 -0.6)
(2 -1 -0.6)
(-1 -0.8 -0.6)
(-0.8 -0.8 -0.6)
(-0.6 -0.8 -0.6)
(-0.4 -0.8 -0.6)
(-0.2 -0.8 -0.6)
(-8.326672685e-17 -0.8 -0.6)
(0.2 -0.8 -0.6)
(0.4 -0.8 -0.6)
(0.6 -0.8 -0.6)
(0.8 -0.8 -0.6)
(1 -0.8 -0.6)
(1.2 -0.8 -0.6)
(1.4 -0.8 -0.6)
(1.6 -0.8 -0.6)
(1.8 -0.8 -0.6)
(2 -0.8 -0.6)
(-1 -0.6 -0.6)
(-0.8 -0.6 -0.6)
(-0.6 -0.6 -0.6)
(-0.4 -0.6 -0.6)
(-0.2 -0.6 -0.6)
(-9.251858539e-17 -0.6 -0.6)
(0.2 -0.6 -0.6)
(0.4 -0.6 -0.6)
(0.6 -0.6 -0.6)
(0.8 -0.6 -0.6)
(1 -0.6 -0.6)
(1.2 -0.6 -0.6)
(1.4 -0.6 -0.6)
(1.6 -0.6 -0.6)
(1.8 -0.6 -0.6)
(2 -0.6 -0.6)
(-1 -0.4 -0.6)
(-0.8 -0.4 -0.6)
(-0.6 -0.4 -0.6)
(-0.4 -0.4 -0.6)
(-0.2 -0.4 -0.6)
(-9.251858539e-17 -0.4 -0.6)
(0.2 -0.4 -0.6)
(0.4 -0.4 -0.6)
(0.6 -0.4 -0.6)
(0.8 -0.4 -0.6)
(1 -0.4 -0.6)
(1.2 -0.4 -0.6)
(1.4 -0.4 -0.6)
(1.6 -0.4 -0.6)
(1.8 -0.4 -0.6)
(2 -0.4 -0.6)
(-1 -0.2 -0.6)
(-0.8 -0.2 -0.6)
(-0.6 -0.2 -0.6)
(-0.4 -0.2 -0.6)
(-0.2 -0.2 -0.6)
(-7.401486831e-17 -0.2 -0.6)
(0.2 -0.2 -0.6)
(0.4 -0.2 -0.6)
(0.6 -0.2 -0.6)
(0.8 -0.2 -0.6)
(1 -0.2 -0.6)
(1.2 -0.2 -0.6)
(1.4 -0.2 -0.6)
(1.6 -0.2 -0.6)
(1.8 -0.2 -0.6)
(2 -0.2 -0.6)
(-1 0 -0.6)
(-0.8 0 -0.6)
(-0.6 0 -0.6)
(-0.4 0 -0.6)
(-0.2 0 -0.6)
(-7.401486831e-17 0 -0.6)
(0.2 0 -0.6)
(0.4 0 -0.6)
(0.6 0 -0.6)
(0.8 0 -0.6)
(1 0 -0.6)
(1.2 0 -0.6)
(1.4 0 -0.6)
(1.6 0 -0.6)
(1.8 0 -0.6)
(2 0 -0.6)
(-1 -1 -0.4)
(-0.8 -1 -0.4)
(-0.6 -1 -0.4)
(-0.4 -1 -0.4)
(-0.2 -1 -0.4)
(-7.401486831e-17 -1 -0.4)
(0.2 -1 -0.4)
(0.4 -1 -0.4)
(0.6 -1 -0.4)
(0.8 -1 -0.4)
(1 -1 -0.4)
(1.2 -1 -0.4)
(1.4 -1 -0.4)
(1.6 -1 -0.4)
(1.8 -1 -0.4)
(2 -1 -0.4)
(-1 -0.8 -0.4)
(-0.8 -0.8 -0.4)
(-0.6 -0.8 -0.4)
(-0.4 -0.8 -0.4)
(-0.2 -0.8 -0.4)
(-1.20274161e-16 -0.8 -0.4)
(0.2 -0.8 -0.4)
(0.4 -0.8 -0.4)
(0.6 -0.8 -0.4)
(0.8 -0.8 -0.4)
(1 -0.8 -0.4)
(1.2 -0.8 -0.4)
(1.4 -0.8 -0.4)
(1.6 -0.8 -0.4)
(1.8 -0.8 -0.4)
(2 -0.8 -0.4)
(-1 -0.6 -0.4)
(-0.8 -0.6 -0.4)
(-0.6 -0.6 -0.4)
(-0.4 -0.6 -0.4)
(-0.2 -0.6 -0.4)
(-3.700743415e-17 -0.6 -0.4)
(0.2 -0.6 -0.4)
(0.4 -0.6 -0.4)
(0.6 -0.6 -0.4)
(0.8 -0.6 -0.4)
(1 -0.6 -0.4)
(1.2 -0.6 -0.4)
(1.4 -0.6 -0.4)
(1.6 -0.6 -0.4)
(1.8 -0.6 -0.4)
(2 -0.6 -0.4)
(-1 -0.4 -0.4)
(-0.8 -0.4 -0.4)
(-0.6 -0.4 -0.4)
(-0.4 -0.4 -0.4)
(-0.2 -0.4 -0.4)
(-5.551115123e-17 -0.4 -0.4)
(0.2 -0.4 -0.4)
(0.4 -0.4 -0.4)
(0.6 -0.4 -0.4)
(0.8 -0.4 -0.4)
(1 -0.4 -0.4)
(1.2 -0.4 -0.4)
(1.4 -0.4 -0.4)
(1.6 -0.4 -0.4)
(1.8 -0.4 -0.4)
(2 -0.4 -0.4)
(-1 -0.2 -0.4)
(-0.8 -0.2 -0.4)
(-0.6 -0.2 -0.4)
(-0.4 -0.2 -0.4)
(-0.2 -0.2 -0.4)
(-7.401486831e-17 -0.2 -0.4)
(0.2 -0.2 -0.4)
(0.4 -0.2 -0.4)
(0.6 -0.2 -0.4)
(0.8 -0.2 -0.4)
(1 -0.2 -0.4)
(1.2 -0.2 -0.4)
(1.4 -0.2 -0.4)
(1.6 -0.2 -0.4)
(1.8 -0.2 -0.4)
(2 -0.2 -0.4)
(-1 0 -0.4)
(-0.8 0 -0.4)
(-0.6 0 -0.4)
(-0.4 0 -0.4)
(-0.2 0 -0.4)
(-7.401486831e-17 0 -0.4)
(0.2 0 -0.4)
(0.4 0 -0.4)
(0.6 0 -0.4)
(0.8 0 -0.4)
(1 0 -0.4)
(1.2 0 -0.4)
(1.4 0 -0.4)
(1.6 0 -0.4)
(1.8 0 -0.4)
(2 0 -0.4)
(-1 -1 -0.2)
(-0.8 -1 -0.2)
(-0.6 -1 -0.2)
(-0.4 -1 -0.2)
(-0.2 -1 -0.2)
(-7.401486831e-17 -1 -0.2)
(0.2 -1 -0.2)
(0.4 -1 -0.2)
(0.6 -1 -0.2)
(0.8 -1 -0.2)
(1 -1 -0.2)
(1.2 -1 -0.2)
(1.4 -1 -0.2)
(1.6 -1 -0.2)
(1.8 -1 -0.2)
(2 -1 -0.2)
(-1 -0.8 -0.2)
(-0.8 -0.8 -0.2)
(-0.6 -0.8 -0.2)
(-0.4 -0.8 -0.2)
(-0.2 -0.8 -0.2)
(-8.326672685e-17 -0.8 -0.2)
(0.2 -0.8 -0.2)
(0.4 -0.8 -0.2)
(0.6 -0.8 -0.2)
(0.8 -0.8 -0.2)
(1 -0.8 -0.2)
(1.2 -0.8 -0.2)
(1.4 -0.8 -0.2)
(1.6 -0.8 -0.2)
(1.8 -0.8 -0.2)
(2 -0.8 -0.2)
(-1 -0.6 -0.2)
(-0.8 -0.6 -0.2)
(-0.6 -0.6 -0.2)
(-0.4 -0.6 -0.2)
(-0.2 -0.6 -0.2)
(-7.401486831e-17 -0.6 -0.2)
(0.2 -0.6 -0.2)
(0.4 -0.6 -0.2)
(0.6 -0.6 -0.2)
(0.8 -0.6 -0.2)
(1 -0.6 -0.2)
(1.2 -0.6 -0.2)
(1.4 -0.6 -0.2)
(1.6 -0.6 -0.2)
(1.8 -0.6 -0.2)
(2 -0.6 -0.2)
(-1 -0.4 -0.2)
(-0.8 -0.4 -0.2)
(-0.6 -0.4 -0.2)
(-0.4 -0.4 -0.2)
(-0.2 -0.4 -0.2)
(-7.401486831e-17 -0.4 -0.2)
(0.2 -0.4 -0.2)
(0.4 -0.4 -0.2)
(0.6 -0.4 -0.2)
(0.8 -0.4 -0.2)
(1 -0.4 -0.2)
(1.2 -0.4 -0.2)
(1.4 -0.4 -0.2)
(1.6 -0.4 -0.2)
(1.8 -0.4 -0.2)
(2 -0.4 -0.2)
(-1 -0.2 -0.2)
(-0.8 -0.2 -0.2)
(-0.6 -0.2 -0.2)
(-0.4 -0.2 -0.2)
(-0.2 -0.2 -0.2)
(-7.401486831e-17 -0.2 -0.2)
(0.2 -0.2 -0.2)
(0.4 -0.2 -0.2)
(0.6 -0.2 -0.2)
(0.8 -0.2 -0.2)
(1 -0.2 -0.2)
(1.2 -0.2 -0.2)
(1.4 -0.2 -0.2)
(1.6 -0.2 -0.2)
(1.8 -0.2 -0.2)
(2 -0.2 -0.2)
(-1 0 -0.2)
(-0.8 0 -0.2)
(-0.6 0 -0.2)
(-0.4 0 -0.2)
(-0.2 0 -0.2)
(-7.401486831e-17 0 -0.2)
(0.2 0 -0.2)
(0.4 0 -0.2)
(0.6 0 -0.2)
(0.8 0 -0.2)
(1 0 -0.2)
(1.2 0 -0.2)
(1.4 0 -0.2)
(1.6 0 -0.2)
(1.8 0 -0.2)
(2 0 -0.2)
(-1 -1 0)
(-0.8 -1 0)
(-0.6 -1 0)
(-0.4 -1 0)
(-0.2 -1 0)
(-7.401486831e-17 -1 0)
(0.2 -1 0)
(0.4 -1 0)
(0.6 -1 0)
(0.8 -1 0)
(1 -1 0)
(1.2 -1 0)
(1.4 -1 0)
(1.6 -1 0)
(1.8 -1 0)
(2 -1 0)
(-1 -0.8 0)
(-0.8 -0.8 0)
(-0.6 -0.8 0)
(-0.4 -0.8 0)
(-0.2 -0.8 0)
(-8.326672685e-17 -0.8 0)
(0.2 -0.8 1.850371708e-17)
(0.4 -0.8 0)
(0.6 -0.8 0)
(0.8 -0.8 9.251858539e-18)
(1 -0.8 0)
(1.2 -0.8 1.850371708e-17)
(1.4 -0.8 1.850371708e-17)
(1.6 -0.8 0)
(1.8 -0.8 0)
(2 -0.8 0)
(-1 -0.6 0)
(-0.8 -0.6 0)
(-0.6 -0.6 0)
(-0.4 -0.6 0)
(-0.2 -0.6 0)
(-7.401486831e-17 -0.6 0)
(0.2 -0.6 0)
(0.4 -0.6 0)
(0.6 -0.6 0)
(0.8 -0.6 0)
(1 -0.6 0)
(1.2 -0.6 0)
(1.4 -0.6 0)
(1.6 -0.6 0)
(1.8 -0.6 0)
(2 -0.6 0)
(-1 -0.4 0)
(-0.8 -0.4 0)
(-0.6 -0.4 0)
(-0.4 -0.4 0)
(-0.2 -0.4 0)
(-7.401486831e-17 -0.4 0)
(0.2 -0.4 0)
(0.4 -0.4 0)
(0.6 -0.4 0)
(0.8 -0.4 0)
(1 -0.4 0)
(1.2 -0.4 0)
(1.4 -0.4 0)
(1.6 -0.4 0)
(1.8 -0.4 0)
(2 -0.4 0)
(-1 -0.2 0)
(-0.8 -0.2 0)
(-0.6 -0.2 0)
(-0.4 -0.2 0)
(-0.2 -0.2 0)
(-7.401486831e-17 -0.2 0)
(0.2 -0.2 0)
(0.4 -0.2 0)
(0.6 -0.2 0)
(0.8 -0.2 0)
(1 -0.2 0)
(1.2 -0.2 0)
(1.4 -0.2 0)
(1.6 -0.2 0)
(1.8 -0.2 0)
(2 -0.2 0)
(-1 0 0)
(-0.8 0 0)
(-0.6 0 0)
(-0.4 0 0)
(-0.2 0 0)
(-7.401486831e-17 0 0)
(0.2 0 0)
(0.4 0 0)
(0.6 0 0)
(0.8 0 0)
(1 0 0)
(1.2 0 0)
(1.4 0 0)
(1.6 0 0)
(1.8 0 0)
(2 0 0)
(-1 -1 0.2)
(-0.8 -1 0.2)
(-0.6 -1 0.2)
(-0.4 -1 0.2)
(-0.2 -1 0.2)
(-7.401486831e-17 -1 0.2)
(0.2 -1 0.2)
(0.4 -1 0.2)
(0.6 -1 0.2)
(0.8 -1 0.2)
(1 -1 0.2)
(1.2 -1 0.2)
(1.4 -1 0.2)
(1.6 -1 0.2)
(1.8 -1 0.2)
(2 -1 0.2)
(-1 -0.8 0.2)
(-0.8 -0.8 0.2)
(-0.6 -0.8 0.2)
(-0.4 -0.8 0.2)
(-0.2 -0.8 0.2)
(-8.326672685e-17 -0.8 0.2)
(0.2 -0.8 0.2)
(0.4 -0.8 0.2)
(0.6 -0.8 0.2)
(0.8 -0.8 0.2)
(1 -0.8 0.2)
(1.2 -0.8 0.2)
(1.4 -0.8 0.2)
(1.6 -0.8 0.2)
(1.8 -0.8 0.2)
(2 -0.8 0.2)
(-1 -0.6 0.2)
(-0.8 -0.6 0.2)
(-0.6 -0.6 0.2)
(-0.4 -0.6 0.2)
(-0.2 -0.6 0.2)
(-7.401486831e-17 -0.6 0.2)
(0.2 -0.6 0.2)
(0.4 -0.6 0.2)
(0.6 -0.6 0.2)
(0.8 -0.6 0.2)
(1 -0.6 0.2)
(1.2 -0.6 0.2)
(1.4 -0.6 0.2)
(1.6 -0.6 0.2)
(1.8 -0.6 0.2)
(2 -0.6 0.2)
(-1 -0.4 0.2)
(-0.8 -0.4 0.2)
(-0.6 -0.4 0.2)
(-0.4 -0.4 0.2)
(-0.2 -0.4 0.2)
(-7.401486831e-17 -0.4 0.2)
(0.2 -0.4 0.2)
(0.4 -0.4 0.2)
(0.6 -0.4 0.2)
(0.8 -0.4 0.2)
(1 -0.4 0.2)
(1.2 -0.4 0.2)
(1.4 -0.4 0.2)
(1.6 -0.4 0.2)
(1.8 -0.4 0.2)
(2 -0.4 0.2)
(-1 -0.2 0.2)
(-0.8 -0.2 0.2)
(-0.6 -0.2 0.2)
(-0.4 -0.2 0.2)
(-0.2 -0.2 0.2)
(-7.401486831e-17 -0.2 0.2)
(0.2 -0.2 0.2)
(0.4 -0.2 0.2)
(0.6 -0.2 0.2)
(0.8 -0.2 0.2)
(1 -0.2 0.2)
(1.2 -0.2 0.2)
(1.4 -0.2 0.2)
(1.6 -0.2 0.2)
(1.8 -0.2 0.2)
(2 -0.2 0.2)
(-1 0 0.2)
(-0.8 0 0.2)
(-0.6 0 0.2)
(-0.4 0 0.2)
(-0.2 0 0.2)
(-7.401486831e-17 0 0.2)
(0.2 0 0.2)
(0.4 0 0.2)
(0.6 0 0.2)
(0.8 0 0.2)
(1 0 0.2)
(1.2 0 0.2)
(1.4 0 0.2)
(1.6 0 0.2)
(1.8 0 0.2)
(2 0 0.2)
(-1 -1 0.4)
(-0.8 -1 0.4)
(-0.6 -1 0.4)
(-0.4 -1 0.4)
(-0.2 -1 0.4)
(-7.401486831e-17 -1 0.4)
(0.2 -1 0.4)
(0.4 -1 0.4)
(0.6 -1 0.4)
(0.8 -1 0.4)
(1 -1 0.4)
(1.2 -1 0.4)
(1.4 -1 0.4)
(1.6 -1 0.4)
(1.8 -1 0.4)
(2 -1 0.4)
(-1 -0.8 0.4)
(-0.8 -0.8 0.4)
(-0.6 -0.8 0.4)
(-0.4 -0.8 0.4)
(-0.2 -0.8 0.4)
(-1.20274161e-16 -0.8 0.4)
(0.2 -0.8 0.4)
(0.4 -0.8 0.4)
(0.6 -0.8 0.4)
(0.8 -0.8 0.4)
(1 -0.8 0.4)
(1.2 -0.8 0.4)
(1.4 -0.8 0.4)
(1.6 -0.8 0.4)
(1.8 -0.8 0.4)
(2 -0.8 0.4)
(-1 -0.6 0.4)
(-0.8 -0.6 0.4)
(-0.6 -0.6 0.4)
(-0.4 -0.6 0.4)
(-0.2 -0.6 0.4)
(-7.401486831e-17 -0.6 0.4)
(0.2 -0.6 0.4)
(0.4 -0.6 0.4)
(0.6 -0.6 0.4)
(0.8 -0.6 0.4)
(1 -0.6 0.4)
(1.2 -0.6 0.4)
(1.4 -0.6 0.4)
(1.6 -0.6 0.4)
(1.8 -0.6 0.4)
(2 -0.6 0.4)
(-1 -0.4 0.4)
(-0.8 -0.4 0.4)
(-0.6 -0.4 0.4)
(-0.4 -0.4 0.4)
(-0.2 -0.4 0.4)
(-7.401486831e-17 -0.4 0.4)
(0.2 -0.4 0.4)
(0.4 -0.4 0.4)
(0.6 -0.4 0.4)
(0.8 -0.4 0.4)
(1 -0.4 0.4)
(1.2 -0.4 0.4)
(1.4 -0.4 0.4)
(1.6 -0.4 0.4)
(1.8 -0.4 0.4)
(2 -0.4 0.4)
(-1 -0.2 0.4)
(-0.8 -0.2 0.4)
(-0.6 -0.2 0.4)
(-0.4 -0.2 0.4)
(-0.2 -0.2 0.4)
(-7.401486831e-17 -0.2 0.4)
(0.2 -0.2 0.4)
(0.4 -0.2 0.4)
(0.6 -0.2 0.4)
(0.8 -0.2 0.4)
(1 -0.2 0.4)
(1.2 -0.2 0.4)
(1.4 -0.2 0.4)
(1.6 -0.2 0.4)
(1.8 -0.2 0.4)
(2 -0.2 0.4)
(-1 0 0.4)
(-0.8 0 0.4)
(-0.6 0 0.4)
(-0.4 0 0.4)
(-0.2 0 0.4)
(-7.401486831e-17 0 0.4)
(0.2 0 0.4)
(0.4 0 0.4)
(0.6 0 0.4)
(0.8 0 0.4)
(1 0 0.4)
(1.2 0 0.4)
(1.4 0 0.4)
(1.6 0 0.4)
(1.8 0 0.4)
(2 0 0.4)
(-1 -1 0.6)
(-0.8 -1 0.6)
(-0.6 -1 0.6)
(-0.4 -1 0.6)
(-0.2 -1 0.6)
(-7.401486831e-17 -1 0.6)
(0.2 -1 0.6)
(0.4 -1 0.6)
(0.6 -1 0.6)
(0.8 -1 0.6)
(1 -1 0.6)
(1.2 -1 0.6)
(1.4 -1 0.6)
(1.6 -1 0.6)
(1.8 -1 0.6)
(2 -1 0.6)
(-1 -0.8 0.6)
(-0.8 -0.8 0.6)
(-0.6 -0.8 0.6)
(-0.4 -0.8 0.6)
(-0.2 -0.8 0.6)
(-8.326672685e-17 -0.8 0.6)
(0.2 -0.8 0.6)
(0.4 -0.8 0.6)
(0.6 -0.8 0.6)
(0.8 -0.8 0.6)
(1 -0.8 0.6)
(1.2 -0.8 0.6)
(1.4 -0.8 0.6)
(1.6 -0.8 0.6)
(1.8 -0.8 0.6)
(2 -0.8 0.6)
(-1 -0.6 0.6)
(-0.8 -0.6 0.6)
(-0.6 -0.6 0.6)
(-0.4 -0.6 0.6)
(-0.2 -0.6 0.6)
(-9.251858539e-17 -0.6 0.6)
(0.2 -0.6 0.6)
(0.4 -0.6 0.6)
(0.6 -0.6 0.6)
(0.8 -0.6 0.6)
(1 -0.6 0.6)
(1.2 -0.6 0.6)
(1.4 -0.6 0.6)
(1.6 -0.6 0.6)
(1.8 -0.6 0.6)
(2 -0.6 0.6)
(-1 -0.4 0.6)
(-0.8 -0.4 0.6)
(-0.6 -0.4 0.6)
(-0.4 -0.4 0.6)
(-0.2 -0.4 0.6)
(-9.251858539e-17 -0.4 0.6)
(0.2 -0.4 0.6)
(0.4 -0.4 0.6)
(0.6 -0.4 0.6)
(0.8 -0.4 0.6)
(1 -0.4 0.6)
(1.2 -0.4 0.6)
(1.4 -0.4 0.6)
(1.6 -0.4 0.6)
(1.8 -0.4 0.6)
(2 -0.4 0.6)
(-1 -0.2 0.6)
(-0.8 -0.2 0.6)
(-0.6 -0.2 0.6)
(-0.4 -0.2 0.6)
(-0.2 -0.2 0.6)
(-7.401486831e-17 -0.2 0.6)
(0.2 -0.2 0.6)
(0.4 -0.2 0.6)
(0.6 -0.2 0.6)
(0.8 -0.2 0.6)
(1 -0.2 0.6)
(1.2 -0.2 0.6)
(1.4 -0.2 0.6)
(1.6 -0.2 0.6)
(1.8 -0.2 0.6)
(2 -0.2 0.6)
(-1 0 0.6)
(-0.8 0 0.6)
(-0.6 0 0.6)
(-0.4 0 0.6)
(-0.2 0 0.6)
(-7.401486831e-17 0 0.6)
(0.2 0 0.6)
(0.4 0 0.6)
(0.6 0 0.6)
(0.8 0 0.6)
(1 0 0.6)
(1.2 0 0.6)
(1.4 0 0.6)
(1.6 0 0.6)
(1.8 0 0.6)
(2 0 0.6)
(-1 -1 0.8)
(-0.8 -1 0.8)
(-0.6 -1 0.8)
(-0.4 -1 0.8)
(-0.2 -1 0.8)
(-7.401486831e-17 -1 0.8)
(0.2 -1 0.8)
(0.4 -1 0.8)
(0.6 -1 0.8)
(0.8 -1 0.8)
(1 -1 0.8)
(1.2 -1 0.8)
(1.4 -1 0.8)
(1.6 -1 0.8)
(1.8 -1 0.8)
(2 -1 0.8)
(-1 -0.8 0.8)
(-0.8 -0.8 0.8)
(-0.6 -0.8 0.8)
(-0.4 -0.8 0.8)
(-0.2 -0.8 0.8)
(-8.326672685e-17 -0.8 0.8)
(0.2 -0.8 0.8)
(0.4 -0.8 0.8)
(0.6 -0.8 0.8)
(0.8 -0.8 0.8)
(1 -0.8 0.8)
(1.2 -0.8 0.8)
(1.4 -0.8 0.8)
(1.6 -0.8 0.8)
(1.8 -0.8 0.8)
(2 -0.8 0.8)
(-1 -0.6 0.8)
(-0.8 -0.6 0.8)
(-0.6 -0.6 0.8)
(-0.4 -0.6 0.8)
(-0.2 -0.6 0.8)
(-7.401486831e-17 -0.6 0.8)
(0.2 -0.6 0.8)
(0.4 -0.6 0.8)
(0.6 -0.6 0.8)
(0.8 -0.6 0.8)
(1 -0.6 0.8)
(1.2 -0.6 0.8)
(1.4 -0.6 0.8)
(1.6 -0.6 0.8)
(1.8 -0.6 0.8)
(2 -0.6 0.8)
(-1 -0.4 0.8)
(-0.8 -0.4 0.8)
(-0.6 -0.4 0.8)
(-0.4 -0.4 0.8)
(-0.2 -0.4 0.8)
(-7.401486831e-17 -0.4 0.8)
(0.2 -0.4 0.8)
(0.4 -0.4 0.8)
(0.6 -0.4 0.8)
(0.8 -0.4 0.8)
(1 -0.4 0.8)
(1.2 -0.4 0.8)
(1.4 -0.4 0.8)
(1.6 -0.4 0.8)
(1.8 -0.4 0.8)
(2 -0.4 0.8)
(-1 -0.2 0.8)
(-0.8 -0.2 0.8)
(-0.6 -0.2 0.8)
(-0.4 -0.2 0.8)
(-0.2 -0.2 0.8)
(-7.401486831e-17 -0.2 0.8)
(0.2 -0.2 0.8)
(0.4 -0.2 0.8)
(0.6 -0.2 0.8)
(0.8 -0.2 0.8)
(1 -0.2 0.8)
(1.2 -0.2 0.8)
(1.4 -0.2 0.8)
(1.6 -0.2 0.8)
(1.8 -0.2 0.8)
(2 -0.2 0.8)
(-1 0 0.8)
(-0.8 0 0.8)
(-0.6 0 0.8)
(-0.4 0 0.8)
(-0.2 0 0.8)
(-7.401486831e-17 0 0.8)
(0.2 0 0.8)
(0.4 0 0.8)
(0.6 0 0.8)
(0.8 0 0.8)
(1 0 0.8)
(1.2 0 0.8)
(1.4 0 0.8)
(1.6 0 0.8)
(1.8 0 0.8)
(2 0 0.8)
(-1 -1 1)
(-0.8 -1 1)
(-0.6 -1 1)
(-0.4 -1 1)
(-0.2 -1 1)
(-7.401486831e-17 -1 1)
(0.2 -1 1)
(0.4 -1 1)
(0.6 -1 1)
(0.8 -1 1)
(1 -1 1)
(1.2 -1 1)
(1.4 -1 1)
(1.6 -1 1)
(1.8 -1 1)
(2 -1 1)
(-1 -0.8 1)
(-0.8 -0.8 1)
(-0.6 -0.8 1)
(-0.4 -0.8 1)
(-0.2 -0.8 1)
(-8.326672685e-17 -0.8 1)
(0.2 -0.8 1)
(0.4 -0.8 1)
(0.6 -0.8 1)
(0.8 -0.8 1)
(1 -0.8 1)
(1.2 -0.8 1)
(1.4 -0.8 1)
(1.6 -0.8 1)
(1.8 -0.8 1)
(2 -0.8 1)
(-1 -0.6 1)
(-0.8 -0.6 1)
(-0.6 -0.6 1)
(-0.4 -0.6 1)
(-0.2 -0.6 1)
(-7.401486831e-17 -0.6 1)
(0.2 -0.6 1)
(0.4 -0.6 1)
(0.6 -0.6 1)
(0.8 -0.6 1)
(1 -0.6 1)
(1.2 -0.6 1)
(1.4 -0.6 1)
(1.6 -0.6 1)
(1.8 -0.6 1)
(2 -0.6 1)
(-1 -0.4 1)
(-0.8 -0.4 1)
(-0.6 -0.4 1)
(-0.4 -0.4 1)
(-0.2 -0.4 1)
(-7.401486831e-17 -0.4 1)
(0.2 -0.4 1)
(0.4 -0.4 1)
(0.6 -0.4 1)
(0.8 -0.4 1)
(1 -0.4 1)
(1.2 -0.4 1)
(1.4 -0.4 1)
(1.6 -0.4 1)
(1.8 -0.4 1)
(2 -0.4 1)
(-1 -0.2 1)
(-0.8 -0.2 1)
(-0.6 -0.2 1)
(-0.4 -0.2 1)
(-0.2 -0.2 1)
(-7.401486831e-17 -0.2 1)
(0.2 -0.2 1)
(0.4 -0.2 1)
(0.6 -0.2 1)
(0.8 -0.2 1)
(1 -0.2 1)
(1.2 -0.2 1)
(1.4 -0.2 1)
(1.6 -0.2 1)
(1.8 -0.2 1)
(2 -0.2 1)
(-1 0 1)
(-0.8 0 1)
(-0.6 0 1)
(-0.4 0 1)
(-0.2 0 1)
(-7.401486831e-17 0 1)
(0.2 0 1)
(0.4 0 1)
(0.6 0 1)
(0.8 0 1)
(1 0 1)
(1.2 0 1)
(1.4 0 1)
(1.6 0 1)
(1.8 0 1)
(2 0 1)
)


// ************************************************************************* //
